https://www.random.org/integers/?num=1225&min=1&max=1000&col=1&base=10&format=plain&rnd=date.2021-02-18
521,531,208,602,8,942,924,858,563,785,65,225,780,103,412,819,148,380,707,570,514,89,689,619,643,635,461,195,756,974,913,878,305,216,127,890,24,911,140,204,357,402,147,586,963,647,872,886,121,669,345,829,610,659,241,616,590,935,146,437,503,347,826,188,569,737,860,841,365,412,679,575,643,311,213,17,53,695,972,667,555,803,870,772,607,174,211,552,743,189,716,920,938,814,349,182,390,774,544,394,402,10,366,718,71,971,453,539,826,561,987,50,146,646,549,297,498,402,396,1000,572,702,176,270,47,641,404,787,429,288,154,690,945,803,902,220,423,168,873,645,643,683,259,672,642,392,376,596,12,955,582,910,322,802,137,102,36,331,601,713,108,596,663,514,541,421,739,72,106,786,379,867,278,836,675,342,514,848,869,391,396,787,736,911,519,739,484,935,257,516,62,912,142,901,665,263,95,781,343,196,242,547,195,909,230,438,987,696,910,262,869,615,683,340,540,21,702,623,95,604,943,794,819,423,473,676,627,434,458,594,259,689,800,418,542,206,522,25,507,825,219,418,990,204,981,456,473,685,270,154,786,503,978,999,112,151,174,186,601,658,529,422,833,444,44,959,214,676,65,969,263,764,131,221,898,96,627,686,641,850,266,445,669,745,205,416,488,506,814,87,166,405,64,858,239,238,721,992,35,845,760,191,553,28,927,886,929,11,461,654,112,233,932,55,554,429,502,402,966,835,282,622,512,164,764,265,915,673,564,430,760,320,357,799,972,232,316,176,409,609,631,942,845,6,19,819,561,414,582,741,354,376,124,352,503,523,87,598,740,850,616,44,278,179,518,602,164,1,824,883,428,113,530,101,96,384,476,510,817,329,849,93,508,700,419,4,986,919,703,791,814,515,372,69,262,993,745,998,193,864,658,315,660,739,418,471,337,353,289,437,82,315,878,957,499,334,426,323,137,203,506,694,936,178,337,557,750,116,972,262,162,604,838,710,13,250,704,126,447,313,116,423,618,236,771,254,485,737,395,224,54,443,789,299,693,519,42,766,814,825,334,26,787,403,753,245,420,251,67,27,723,732,854,466,102,754,238,374,33,387,111,594,418,83,361,224,776,488,853,278,369,874,414,627,240,28,669,207,460,422,526,682,339,834,557,994,1000,327,983,614,223,933,770,332,811,133,325,243,814,782,916,658,917,738,45,491,25,955,698,376,106,801,435,339,829,984,600,190,657,696,266,182,48,34,463,922,420,496,183,429,454,705,523,261,958,245,849,22,60,10,827,83,554,173,573,735,192,703,435,929,368,939,697,485,268,833,943,711,838,127,797,118,381,389,170,324,699,480,604,382,235,562,927,766,751,406,645,769,248,946,618,267,129,36,235,674,49,781,648,909,970,67,483,51,836,137,301,975,52,861,712,332,555,860,145,886,234,402,763,575,635,525,905,800,471,627,6,86,951,623,17,608,693,126,296,177,911,848,985,756,92,991,757,271,38,995,890,272,910,853,91,863,347,518,764,781,350,611,706,609,82,224,16,967,528,111,596,769,775,979,680,390,555,280,272,511,419,419,40,945,159,237,715,768,34,69,227,101,376,553,8,802,9,977,447,149,871,712,192,105,617,542,261,861,258,129,926,74,353,247,719,769,248,967,413,651,955,912,907,214,538,573,472,928,404,991,31,423,264,821,380,168,164,682,436,616,243,356,540,300,433,681,272,392,837,618,453,472,472,550,444,998,677,378,583,654,990,143,127,990,296,533,889,812,103,670,50,846,637,347,180,278,674,164,274,21,281,207,382,243,877,635,569,299,824,521,54,285,519,301,524,100,560,358,496,844,901,815,985,966,585,634,733,956,303,937,647,4,890,781,212,57,337,120,601,751,517,574,620,890,730,215,189,526,19,642,364,519,422,260,50,524,929,971,931,183,244,647,397,309,216,995,397,370,135,350,351,124,157,56,845,450,730,523,933,410,183,673,444,965,765,764,968,241,39,606,614,627,194,351,179,618,320,969,205,282,354,501,407,252,394,229,895,45,753,876,159,525,102,944,182,519,564,285,788,887,365,665,277,110,570,161,457,754,858,517,355,277,582,948,857,461,569,124,679,1,892,275,887,396,956,7,302,800,774,522,6,314,775,96,233,678,569,35,97,74,688,73,509,283,958,350,749,823,836,346,552,665,82,985,942,2,975,893,1,296,960,348,43,143,808,823,999,141,720,479,662,411,391,756,151,683,376,679,514,88,327,74,523,433,105,973,863,741,376,268,618,831,700,467,229,528,130,996,592,678,715,290,651,857,93,231,439,904,247,32,534,200,569,658,189,41,522,635,182,276,265,937,778,870,239,644,71,402,292,253,170,42,795,389,871,511,274,628,291,315,899,97,573,446,481,908,404,570,892,817,286,462,63,943,298,720,906,731,538,3,135,776,790,610,695,411,685,911,701,346,441,409,489,318,820,987,763,515,892,951,68,443,584,306,874,895,704,18,334,403,694,649,967,416,921,984,388,204,302,635,150,257,380,88,800,440,863,993,730,834,281,493,785,179,421,948,797,511,69,543,221,195,275,683,353,443,569,914,218,781,176,900,145,214,830,45,638,925,580,561,51,160,895,809,455,6,710,962,210,101,310,422,620,327,743,619,676,524,248,218,711,845,112,616,855,372,639,89,938,639,954,586,324,134,921,678,251,195,3,415,978,166,626,649,99,763,601,392,612,307,584,290,884,738,12,464,553,176,632,628,640,274,604,413,956,525,472,838,83,934,581,497,984,801,12,722,312,327,290

1,2,3,4,5,6,7,8,9,10,11,12,13,14,15,16,17,18,19,20,21,22,23,24,25,26,27,28,29,30,31,32,33,34,35,36,37,38,39,40,41,42,43,44,45,46,47,48,49,50
0,521,531,208,602,8,942,924,858,563,785,65,225,780,103,412,819,148,380,707,570,514,89,689,619,643,635,461,195,756,974,913,878,305,216,127,890,24,911,140,204,357,402,147,586,963,647,872,886,121
521,0,669,345,829,610,659,241,616,590,935,146,437,503,347,826,188,569,737,860,841,365,412,679,575,643,311,213,17,53,695,972,667,555,803,870,772,607,174,211,552,743,189,716,920,938,814,349,182,390
531,669,0,774,544,394,402,10,366,718,71,971,453,539,826,561,987,50,146,646,549,297,498,402,396,1000,572,702,176,270,47,641,404,787,429,288,154,690,945,803,902,220,423,168,873,645,643,683,259,672
208,345,774,0,642,392,376,596,12,955,582,910,322,802,137,102,36,331,601,713,108,596,663,514,541,421,739,72,106,786,379,867,278,836,675,342,514,848,869,391,396,787,736,911,519,739,484,935,257,516
602,829,544,642,0,62,912,142,901,665,263,95,781,343,196,242,547,195,909,230,438,987,696,910,262,869,615,683,340,540,21,702,623,95,604,943,794,819,423,473,676,627,434,458,594,259,689,800,418,542
8,610,394,392,62,0,206,522,25,507,825,219,418,990,204,981,456,473,685,270,154,786,503,978,999,112,151,174,186,601,658,529,422,833,444,44,959,214,676,65,969,263,764,131,221,898,96,627,686,641
942,659,402,376,912,206,0,850,266,445,669,745,205,416,488,506,814,87,166,405,64,858,239,238,721,992,35,845,760,191,553,28,927,886,929,11,461,654,112,233,932,55,554,429,502,402,966,835,282,622
924,241,10,596,142,522,850,0,512,164,764,265,915,673,564,430,760,320,357,799,972,232,316,176,409,609,631,942,845,6,19,819,561,414,582,741,354,376,124,352,503,523,87,598,740,850,616,44,278,179
858,616,366,12,901,25,266,512,0,518,602,164,1,824,883,428,113,530,101,96,384,476,510,817,329,849,93,508,700,419,4,986,919,703,791,814,515,372,69,262,993,745,998,193,864,658,315,660,739,418
563,590,718,955,665,507,445,164,518,0,471,337,353,289,437,82,315,878,957,499,334,426,323,137,203,506,694,936,178,337,557,750,116,972,262,162,604,838,710,13,250,704,126,447,313,116,423,618,236,771
785,935,71,582,263,825,669,764,602,471,0,254,485,737,395,224,54,443,789,299,693,519,42,766,814,825,334,26,787,403,753,245,420,251,67,27,723,732,854,466,102,754,238,374,33,387,111,594,418,83
65,146,971,910,95,219,745,265,164,337,254,0,361,224,776,488,853,278,369,874,414,627,240,28,669,207,460,422,526,682,339,834,557,994,1000,327,983,614,223,933,770,332,811,133,325,243,814,782,916,658
225,437,453,322,781,418,205,915,1,353,485,361,0,917,738,45,491,25,955,698,376,106,801,435,339,829,984,600,190,657,696,266,182,48,34,463,922,420,496,183,429,454,705,523,261,958,245,849,22,60
780,503,539,802,343,990,416,673,824,289,737,224,917,0,10,827,83,554,173,573,735,192,703,435,929,368,939,697,485,268,833,943,711,838,127,797,118,381,389,170,324,699,480,604,382,235,562,927,766,751
103,347,826,137,196,204,488,564,883,437,395,776,738,10,0,406,645,769,248,946,618,267,129,36,235,674,49,781,648,909,970,67,483,51,836,137,301,975,52,861,712,332,555,860,145,886,234,402,763,575
412,826,561,102,242,981,506,430,428,82,224,488,45,827,406,0,635,525,905,800,471,627,6,86,951,623,17,608,693,126,296,177,911,848,985,756,92,991,757,271,38,995,890,272,910,853,91,863,347,518
819,188,987,36,547,456,814,760,113,315,54,853,491,83,645,635,0,764,781,350,611,706,609,82,224,16,967,528,111,596,769,775,979,680,390,555,280,272,511,419,419,40,945,159,237,715,768,34,69,227
148,569,50,331,195,473,87,320,530,878,443,278,25,554,769,525,764,0,101,376,553,8,802,9,977,447,149,871,712,192,105,617,542,261,861,258,129,926,74,353,247,719,769,248,967,413,651,955,912,907
380,737,146,601,909,685,166,357,101,957,789,369,955,173,248,905,781,101,0,214,538,573,472,928,404,991,31,423,264,821,380,168,164,682,436,616,243,356,540,300,433,681,272,392,837,618,453,472,472,550
707,860,646,713,230,270,405,799,96,499,299,874,698,573,946,800,350,376,214,0,444,998,677,378,583,654,990,143,127,990,296,533,889,812,103,670,50,846,637,347,180,278,674,164,274,21,281,207,382,243
570,841,549,108,438,154,64,972,384,334,693,414,376,735,618,471,611,553,538,444,0,877,635,569,299,824,521,54,285,519,301,524,100,560,358,496,844,901,815,985,966,585,634,733,956,303,937,647,4,890
514,365,297,596,987,786,858,232,476,426,519,627,106,192,267,627,706,8,573,998,877,0,781,212,57,337,120,601,751,517,574,620,890,730,215,189,526,19,642,364,519,422,260,50,524,929,971,931,183,244
89,412,498,663,696,503,239,316,510,323,42,240,801,703,129,6,609,802,472,677,635,781,0,647,397,309,216,995,397,370,135,350,351,124,157,56,845,450,730,523,933,410,183,673,444,965,765,764,968,241
689,679,402,514,910,978,238,176,817,137,766,28,435,435,36,86,82,9,928,378,569,212,647,0,39,606,614,627,194,351,179,618,320,969,205,282,354,501,407,252,394,229,895,45,753,876,159,525,102,944
619,575,396,541,262,999,721,409,329,203,814,669,339,929,235,951,224,977,404,583,299,57,397,39,0,182,519,564,285,788,887,365,665,277,110,570,161,457,754,858,517,355,277,582,948,857,461,569,124,679
643,643,1000,421,869,112,992,609,849,506,825,207,829,368,674,623,16,447,991,654,824,337,309,606,182,0,1,892,275,887,396,956,7,302,800,774,522,6,314,775,96,233,678,569,35,97,74,688,73,509
635,311,572,739,615,151,35,631,93,694,334,460,984,939,49,17,967,149,31,990,521,120,216,614,519,1,0,283,958,350,749,823,836,346,552,665,82,985,942,2,975,893,1,296,960,348,43,143,808,823
461,213,702,72,683,174,845,942,508,936,26,422,600,697,781,608,528,871,423,143,54,601,995,627,564,892,283,0,999,141,720,479,662,411,391,756,151,683,376,679,514,88,327,74,523,433,105,973,863,741
195,17,176,106,340,186,760,845,700,178,787,526,190,485,648,693,111,712,264,127,285,751,397,194,285,275,958,999,0,376,268,618,831,700,467,229,528,130,996,592,678,715,290,651,857,93,231,439,904,247
756,53,270,786,540,601,191,6,419,337,403,682,657,268,909,126,596,192,821,990,519,517,370,351,788,887,350,141,376,0,32,534,200,569,658,189,41,522,635,182,276,265,937,778,870,239,644,71,402,292
974,695,47,379,21,658,553,19,4,557,753,339,696,833,970,296,769,105,380,296,301,574,135,179,887,396,749,720,268,32,0,253,170,42,795,389,871,511,274,628,291,315,899,97,573,446,481,908,404,570
913,972,641,867,702,529,28,819,986,750,245,834,266,943,67,177,775,617,168,533,524,620,350,618,365,956,823,479,618,534,253,0,892,817,286,462,63,943,298,720,906,731,538,3,135,776,790,610,695,411
878,667,404,278,623,422,927,561,919,116,420,557,182,711,483,911,979,542,164,889,100,890,351,320,665,7,836,662,831,200,170,892,0,685,911,701,346,441,409,489,318,820,987,763,515,892,951,68,443,584
305,555,787,836,95,833,886,414,703,972,251,994,48,838,51,848,680,261,682,812,560,730,124,969,277,302,346,411,700,569,42,817,685,0,306,874,895,704,18,334,403,694,649,967,416,921,984,388,204,302
216,803,429,675,604,444,929,582,791,262,67,1000,34,127,836,985,390,861,436,103,358,215,157,205,110,800,552,391,467,658,795,286,911,306,0,635,150,257,380,88,800,440,863,993,730,834,281,493,785,179
127,870,288,342,943,44,11,741,814,162,27,327,463,797,137,756,555,258,616,670,496,189,56,282,570,774,665,756,229,189,389,462,701,874,635,0,421,948,797,511,69,543,221,195,275,683,353,443,569,914
890,772,154,514,794,959,461,354,515,604,723,983,922,118,301,92,280,129,243,50,844,526,845,354,161,522,82,151,528,41,871,63,346,895,150,421,0,218,781,176,900,145,214,830,45,638,925,580,561,51
24,607,690,848,819,214,654,376,372,838,732,614,420,381,975,991,272,926,356,846,901,19,450,501,457,6,985,683,130,522,511,943,441,704,257,948,218,0,160,895,809,455,6,710,962,210,101,310,422,620
911,174,945,869,423,676,112,124,69,710,854,223,496,389,52,757,511,74,540,637,815,642,730,407,754,314,942,376,996,635,274,298,409,18,380,797,781,160,0,327,743,619,676,524,248,218,711,845,112,616
140,211,803,391,473,65,233,352,262,13,466,933,183,170,861,271,419,353,300,347,985,364,523,252,858,775,2,679,592,182,628,720,489,334,88,511,176,895,327,0,855,372,639,89,938,639,954,586,324,134
204,552,902,396,676,969,932,503,993,250,102,770,429,324,712,38,419,247,433,180,966,519,933,394,517,96,975,514,678,276,291,906,318,403,800,69,900,809,743,855,0,921,678,251,195,3,415,978,166,626
357,743,220,787,627,263,55,523,745,704,754,332,454,699,332,995,40,719,681,278,585,422,410,229,355,233,893,88,715,265,315,731,820,694,440,543,145,455,619,372,921,0,649,99,763,601,392,612,307,584
402,189,423,736,434,764,554,87,998,126,238,811,705,480,555,890,945,769,272,674,634,260,183,895,277,678,1,327,290,937,899,538,987,649,863,221,214,6,676,639,678,649,0,290,884,738,12,464,553,176
147,716,168,911,458,131,429,598,193,447,374,133,523,604,860,272,159,248,392,164,733,50,673,45,582,569,296,74,651,778,97,3,763,967,993,195,830,710,524,89,251,99,290,0,632,628,640,274,604,413
586,920,873,519,594,221,502,740,864,313,33,325,261,382,145,910,237,967,837,274,956,524,444,753,948,35,960,523,857,870,573,135,515,416,730,275,45,962,248,938,195,763,884,632,0,956,525,472,838,83
963,938,645,739,259,898,402,850,658,116,387,243,958,235,886,853,715,413,618,21,303,929,965,876,857,97,348,433,93,239,446,776,892,921,834,683,638,210,218,639,3,601,738,628,956,0,934,581,497,984
647,814,643,484,689,96,966,616,315,423,111,814,245,562,234,91,768,651,453,281,937,971,765,159,461,74,43,105,231,644,481,790,951,984,281,353,925,101,711,954,415,392,12,640,525,934,0,801,12,722
872,349,683,935,800,627,835,44,660,618,594,782,849,927,402,863,34,955,472,207,647,931,764,525,569,688,143,973,439,71,908,610,68,388,493,443,580,310,845,586,978,612,464,274,472,581,801,0,312,327
886,182,259,257,418,686,282,278,739,236,418,916,22,766,763,347,69,912,472,382,4,183,968,102,124,73,808,863,904,402,404,695,443,204,785,569,561,422,112,324,166,307,553,604,838,497,12,312,0,290
121,390,672,516,542,641,622,179,418,771,83,658,60,751,575,518,227,907,550,243,890,244,241,944,679,509,823,741,247,292,570,411,584,302,179,914,51,620,616,134,626,584,176,413,83,984,722,327,290,0
