https://www.random.org/integers/?num=28&min=1&max=100&col=28&base=10&format=html&rnd=date.2024-11-16
13,15,80,97,8,48,15,29,79,89,79,37,93,94,69,26,57,73,75,13,38,47,96,10,55,3,36,69

1,2,3,4,5,6,7,8
0,13,15,80,97,8,48,15
13,0,29,79,89,79,37,93
15,29,0,94,69,26,57,73
80,79,94,0,75,13,38,47
97,89,69,75,0,96,10,55
8,79,26,13,96,0,3,36
48,37,57,38,10,3,0,69
15,93,73,47,55,36,69,0
