3134,7996,9479,1307,9501,1198,4979,8711,9296,2839,88,6971,9800,9757,1240

1,2,3,4,5,6
0,3134,7996,9479,1307,9501
3134,0,1198,4979,8711,9296
7996,1198,0,2839,88,6971
9479,4979,2839,0,9800,9757
1307,8711,88,9800,0,1240
9501,9296,6971,9757,1240,0
