https://www.random.org/integers/?num=1225&min=1&max=10000&col=1&base=10&format=plain&rnd=date.2021-02-18
8329,4660,507,257,6589,9730,1419,8360,3116,7748,6996,216,2030,8909,6419,4755,7947,8631,8054,1931,7255,3315,6250,2289,9856,7833,9308,4599,5549,5831,7163,6811,4009,2359,3393,4110,2780,9665,2600,2903,1474,6270,8794,1034,5852,3346,8976,6669,4679,8547,4393,7959,4451,3820,4305,1616,1179,2459,3212,8526,2688,2580,2731,4139,8097,5662,7654,3084,1508,5384,2121,8294,566,2711,2849,6886,3735,8217,7274,2953,4551,6062,8774,7439,8222,4058,1562,8946,2784,1721,516,991,3876,8136,8490,8455,1517,3158,8973,2243,9582,8043,9899,9551,1730,4798,9954,7831,1664,6963,6760,6313,9810,4139,1869,392,874,1911,4047,8089,7114,6318,2970,6309,6210,444,703,6797,4157,9205,4204,9076,8262,213,5158,3271,8058,2886,6310,6465,5049,992,558,3262,2562,8195,9031,5810,1990,6556,6141,8333,2874,8801,21,1204,2609,6618,1466,1414,7624,8041,2582,1640,4811,358,9380,13,9901,7202,1125,1526,3093,9041,7295,4058,152,3141,4192,8379,3989,5035,5049,9862,353,4615,5356,7036,5335,8737,9910,2227,4044,4179,8599,3995,5882,3592,3495,9876,9206,395,3569,2732,4615,668,7394,4930,6444,1677,3071,428,4791,5874,3798,1545,7078,1442,1318,4374,5902,6601,3304,2922,8167,875,9555,3976,7127,9812,7914,3078,4851,5188,7224,9471,9874,8460,1961,1596,6002,1738,5300,9587,2782,588,5168,536,3815,5774,6573,7260,131,9236,4945,337,7401,5283,9389,9164,7728,368,1938,757,943,1312,7512,2710,943,5848,8991,7872,7098,9577,4865,3967,5161,8195,3307,4079,8697,1064,8717,8723,830,7346,2742,7147,4008,8054,326,6071,9953,4248,8019,7345,4091,8035,3594,8076,9488,5143,5793,5884,7577,6150,1248,256,7078,3841,4778,4352,9866,8113,2532,2117,4323,1606,499,1033,3483,9865,7490,3442,73,926,1184,987,248,7331,9209,8601,9470,6757,1998,1517,3754,6970,9615,1747,3938,6749,4568,7545,9583,9799,7460,8700,7701,3189,5539,6789,1045,4484,3680,5068,6952,4781,214,1825,6445,8370,9100,6386,6435,7790,4847,8208,7793,902,4126,4670,9918,4953,9878,196,1548,2793,8921,6541,4932,6137,9778,7241,6494,5602,224,4893,1754,8367,9319,4827,6750,9818,5497,9536,2100,1126,6240,4503,4023,2362,3577,2864,876,2537,3098,7869,6708,4560,4418,4738,1882,8262,8774,2328,8653,9090,8196,7890,2935,6335,2930,8337,1359,7193,6095,8870,9089,8729,295,8701,4527,7092,3509,3418,8827,6165,8036,1999,74,5827,8755,6576,9643,278,4705,1680,3288,7633,5961,9108,1675,7226,9948,8656,6176,8532,1935,2629,8714,3824,9299,3325,2705,9748,6560,8783,6180,7695,2917,7924,286,7377,9383,9947,8593,546,1383,1719,6571,5724,8601,7813,2940,879,3191,4436,5707,9159,6655,6390,2389,256,5613,5618,8444,2920,4178,8685,3792,1824,1097,7736,778,1195,7081,4968,779,2308,5584,4275,8063,9273,8832,8115,8647,92,1521,4933,6420,5542,9910,1722,3484,1748,447,6646,6516,6379,6652,9540,2143,6314,5097,2463,9629,6689,6320,6266,9037,2168,3810,184,3979,703,7656,3712,4378,7016,3823,798,8006,1327,9618,1988,12,9351,3279,8579,5144,8142,1449,2213,3024,6852,8106,2585,4758,4233,4346,4743,9857,795,1978,8172,2278,6844,2003,4299,4847,1203,6481,6362,7009,7698,3144,3010,4924,4748,196,5144,5145,8235,3538,2345,6628,5096,1311,6040,2379,2253,7327,5999,8972,3037,1042,7566,2672,9067,3540,8683,8503,2235,4402,3621,3937,6052,9331,6821,3586,404,5645,3380,5545,4981,363,9487,7616,4231,2439,5194,8358,5235,4821,6160,79,8530,6032,4090,1740,5062,38,6197,429,7663,7849,7457,5225,6913,6514,2624,6716,201,3486,3648,3703,1229,5803,3535,5447,9641,9439,7101,6971,1479,1982,7750,4574,2411,6272,6450,2651,4158,3251,3598,3919,7871,1318,7424,3373,4010,7783,7693,2547,9228,7544,139,6936,8301,8002,4239,8271,2343,7138,6424,686,9000,5835,9946,5596,2451,9948,8447,4654,531,5515,2259,1615,4689,3545,96,7418,4873,4595,1081,4674,849,8801,3490,1033,1165,9395,308,6940,2904,8299,5087,2210,4387,537,118,4907,8410,8883,6301,994,5878,3740,5021,1647,9338,3941,7635,8973,2289,3587,879,4959,5525,2684,5249,9519,4444,9422,4207,5096,5306,5269,4015,7727,1531,2671,1630,1081,6902,6567,8942,5369,5418,5411,3086,4161,2865,7451,4695,1388,498,8657,9761,9307,8674,1840,8655,7995,8634,6576,2360,95,5336,4215,9973,3924,6693,9156,6490,5107,3697,8529,6044,9017,5452,6673,7008,4491,9038,3948,889,2616,3509,4134,4104,6656,6334,5613,7808,4438,1337,5092,3553,4267,8674,109,8205,7100,4960,7800,6471,5917,8165,9735,6020,5776,9800,8800,7328,5726,9770,7972,4948,2302,1359,2309,9707,2396,9045,9114,700,6850,3068,6438,2871,6611,7941,7061,3873,8773,9610,5698,2071,7586,5830,2776,5631,7976,7948,731,9671,4375,7054,8447,688,2966,3344,6190,9123,7364,5003,3784,9304,2927,5075,4635,4338,1253,2651,4099,2426,7598,652,2440,2835,3208,8953,3939,8463,1898,2571,9785,669,1015,1263,8049,5516,7822,7765,2033,2677,6880,7708,6130,9626,2088,2513,7539,1537,1842,5527,3103,7198,4647,7155,277,8257,3632,3939,9352,216,7846,4665,2250,6326,6719,104,2320,9349,7987,7041,3616,4458,4476,3661,1598,3927,7408,6001,7748,4257,4977,1538,758,7775,5213,6610,6800,9323,3371,3707,4494,3493,7975,8680,7275,9872,8631,5582,7506,7092,5248,7411,9212,6003,7760,7896,1621,9998,8726,5707,640,5595,1442,2703,5894,5281,4073,7966,4714,732,3088,2664,5893,3288,6087,7716,7510,911,2974,6557,4672,5599,6551,3536,405,6490,8508,415,7798,4109,2484,503,9439,7640,6949,9360,4553,1619,8089,4376,8215,4653,3152,1700,7819,8752,4969,4550,9244,7608,3886,9494,6999,449,3324,4601,7384,7736,6690,4259,4220,8770,6297,247,4240,7491,8614,9344,5410,7437,9419,3040,1011,3883,6761,2634,5213,891,7240,1711,5353,4864,6492,8601,4571,3567,1552,7255,5908,321,2924,27,8415,9655,7985,124,3781,745,1015,3446,8463,7276,8776,9921,1207,9537,6310,2873,6894,6156,4807,6454,4087,5804,6631,7230,3269,8931,5218,8084,3706,3095,6383,9244,6706,1097,9967,8452,5821,9572,1941,8615,5904,9102,1284,6843,9820,3711,2660,719,6303,460,7308,2514,9967,6022,4304,5654,4498,2233,7064,384,8265,4600,7743,52,8772,3451,4031,1656,6091,6940,5114,1521,6447,4337,2851,6387,8464,5991,4857,1795,832,5985,5917,7460,6205,2312,1170,2812,7508,6797,8652,4337,574,414,4998,726,9485,5869,5071,4063,3980,236,7914,9150,7360,6845,8943,5750,6440,4529,8726,6048,3586,847,5659,3094,6212,9910,7831,5504,423,3906,7571,3304,6017,7690,3508,8463,9407,8259,4451,9156,1422,4478,8608,6525,1041,999,7656,9580,4513,2148,9810,8863,5770,4141,6733,2334,8157,4170,215,8958,9643,9015,3586

1,2,3,4,5,6,7,8,9,10,11,12,13,14,15,16,17,18,19,20,21,22,23,24,25,26,27,28,29,30,31,32,33,34,35,36,37,38,39,40,41,42,43,44,45,46,47,48,49,50
0,8329,4660,507,257,6589,9730,1419,8360,3116,7748,6996,216,2030,8909,6419,4755,7947,8631,8054,1931,7255,3315,6250,2289,9856,7833,9308,4599,5549,5831,7163,6811,4009,2359,3393,4110,2780,9665,2600,2903,1474,6270,8794,1034,5852,3346,8976,6669,4679
8329,0,8547,4393,7959,4451,3820,4305,1616,1179,2459,3212,8526,2688,2580,2731,4139,8097,5662,7654,3084,1508,5384,2121,8294,566,2711,2849,6886,3735,8217,7274,2953,4551,6062,8774,7439,8222,4058,1562,8946,2784,1721,516,991,3876,8136,8490,8455,1517
4660,8547,0,3158,8973,2243,9582,8043,9899,9551,1730,4798,9954,7831,1664,6963,6760,6313,9810,4139,1869,392,874,1911,4047,8089,7114,6318,2970,6309,6210,444,703,6797,4157,9205,4204,9076,8262,213,5158,3271,8058,2886,6310,6465,5049,992,558,3262
507,4393,3158,0,2562,8195,9031,5810,1990,6556,6141,8333,2874,8801,21,1204,2609,6618,1466,1414,7624,8041,2582,1640,4811,358,9380,13,9901,7202,1125,1526,3093,9041,7295,4058,152,3141,4192,8379,3989,5035,5049,9862,353,4615,5356,7036,5335,8737
257,7959,8973,2562,0,9910,2227,4044,4179,8599,3995,5882,3592,3495,9876,9206,395,3569,2732,4615,668,7394,4930,6444,1677,3071,428,4791,5874,3798,1545,7078,1442,1318,4374,5902,6601,3304,2922,8167,875,9555,3976,7127,9812,7914,3078,4851,5188,7224
6589,4451,2243,8195,9910,0,9471,9874,8460,1961,1596,6002,1738,5300,9587,2782,588,5168,536,3815,5774,6573,7260,131,9236,4945,337,7401,5283,9389,9164,7728,368,1938,757,943,1312,7512,2710,943,5848,8991,7872,7098,9577,4865,3967,5161,8195,3307
9730,3820,9582,9031,2227,9471,0,4079,8697,1064,8717,8723,830,7346,2742,7147,4008,8054,326,6071,9953,4248,8019,7345,4091,8035,3594,8076,9488,5143,5793,5884,7577,6150,1248,256,7078,3841,4778,4352,9866,8113,2532,2117,4323,1606,499,1033,3483,9865
1419,4305,8043,5810,4044,9874,4079,0,7490,3442,73,926,1184,987,248,7331,9209,8601,9470,6757,1998,1517,3754,6970,9615,1747,3938,6749,4568,7545,9583,9799,7460,8700,7701,3189,5539,6789,1045,4484,3680,5068,6952,4781,214,1825,6445,8370,9100,6386
8360,1616,9899,1990,4179,8460,8697,7490,0,6435,7790,4847,8208,7793,902,4126,4670,9918,4953,9878,196,1548,2793,8921,6541,4932,6137,9778,7241,6494,5602,224,4893,1754,8367,9319,4827,6750,9818,5497,9536,2100,1126,6240,4503,4023,2362,3577,2864,876
3116,1179,9551,6556,8599,1961,1064,3442,6435,0,2537,3098,7869,6708,4560,4418,4738,1882,8262,8774,2328,8653,9090,8196,7890,2935,6335,2930,8337,1359,7193,6095,8870,9089,8729,295,8701,4527,7092,3509,3418,8827,6165,8036,1999,74,5827,8755,6576,9643
7748,2459,1730,6141,3995,1596,8717,73,7790,2537,0,278,4705,1680,3288,7633,5961,9108,1675,7226,9948,8656,6176,8532,1935,2629,8714,3824,9299,3325,2705,9748,6560,8783,6180,7695,2917,7924,286,7377,9383,9947,8593,546,1383,1719,6571,5724,8601,7813
6996,3212,4798,8333,5882,6002,8723,926,4847,3098,278,0,2940,879,3191,4436,5707,9159,6655,6390,2389,256,5613,5618,8444,2920,4178,8685,3792,1824,1097,7736,778,1195,7081,4968,779,2308,5584,4275,8063,9273,8832,8115,8647,92,1521,4933,6420,5542
216,8526,9954,2874,3592,1738,830,1184,8208,7869,4705,2940,0,9910,1722,3484,1748,447,6646,6516,6379,6652,9540,2143,6314,5097,2463,9629,6689,6320,6266,9037,2168,3810,184,3979,703,7656,3712,4378,7016,3823,798,8006,1327,9618,1988,12,9351,3279
2030,2688,7831,8801,3495,5300,7346,987,7793,6708,1680,879,9910,0,8579,5144,8142,1449,2213,3024,6852,8106,2585,4758,4233,4346,4743,9857,795,1978,8172,2278,6844,2003,4299,4847,1203,6481,6362,7009,7698,3144,3010,4924,4748,196,5144,5145,8235,3538
8909,2580,1664,21,9876,9587,2742,248,902,4560,3288,3191,1722,8579,0,2345,6628,5096,1311,6040,2379,2253,7327,5999,8972,3037,1042,7566,2672,9067,3540,8683,8503,2235,4402,3621,3937,6052,9331,6821,3586,404,5645,3380,5545,4981,363,9487,7616,4231
6419,2731,6963,1204,9206,2782,7147,7331,4126,4418,7633,4436,3484,5144,2345,0,2439,5194,8358,5235,4821,6160,79,8530,6032,4090,1740,5062,38,6197,429,7663,7849,7457,5225,6913,6514,2624,6716,201,3486,3648,3703,1229,5803,3535,5447,9641,9439,7101
4755,4139,6760,2609,395,588,4008,9209,4670,4738,5961,5707,1748,8142,6628,2439,0,6971,1479,1982,7750,4574,2411,6272,6450,2651,4158,3251,3598,3919,7871,1318,7424,3373,4010,7783,7693,2547,9228,7544,139,6936,8301,8002,4239,8271,2343,7138,6424,686
7947,8097,6313,6618,3569,5168,8054,8601,9918,1882,9108,9159,447,1449,5096,5194,6971,0,9000,5835,9946,5596,2451,9948,8447,4654,531,5515,2259,1615,4689,3545,96,7418,4873,4595,1081,4674,849,8801,3490,1033,1165,9395,308,6940,2904,8299,5087,2210
8631,5662,9810,1466,2732,536,326,9470,4953,8262,1675,6655,6646,2213,1311,8358,1479,9000,0,4387,537,118,4907,8410,8883,6301,994,5878,3740,5021,1647,9338,3941,7635,8973,2289,3587,879,4959,5525,2684,5249,9519,4444,9422,4207,5096,5306,5269,4015
8054,7654,4139,1414,4615,3815,6071,6757,9878,8774,7226,6390,6516,3024,6040,5235,1982,5835,4387,0,7727,1531,2671,1630,1081,6902,6567,8942,5369,5418,5411,3086,4161,2865,7451,4695,1388,498,8657,9761,9307,8674,1840,8655,7995,8634,6576,2360,95,5336
1931,3084,1869,7624,668,5774,9953,1998,196,2328,9948,2389,6379,6852,2379,4821,7750,9946,537,7727,0,4215,9973,3924,6693,9156,6490,5107,3697,8529,6044,9017,5452,6673,7008,4491,9038,3948,889,2616,3509,4134,4104,6656,6334,5613,7808,4438,1337,5092
7255,1508,392,8041,7394,6573,4248,1517,1548,8653,8656,256,6652,8106,2253,6160,4574,5596,118,1531,4215,0,3553,4267,8674,109,8205,7100,4960,7800,6471,5917,8165,9735,6020,5776,9800,8800,7328,5726,9770,7972,4948,2302,1359,2309,9707,2396,9045,9114
3315,5384,874,2582,4930,7260,8019,3754,2793,9090,6176,5613,9540,2585,7327,79,2411,2451,4907,2671,9973,3553,0,700,6850,3068,6438,2871,6611,7941,7061,3873,8773,9610,5698,2071,7586,5830,2776,5631,7976,7948,731,9671,4375,7054,8447,688,2966,3344
6250,2121,1911,1640,6444,131,7345,6970,8921,8196,8532,5618,2143,4758,5999,8530,6272,9948,8410,1630,3924,4267,700,0,6190,9123,7364,5003,3784,9304,2927,5075,4635,4338,1253,2651,4099,2426,7598,652,2440,2835,3208,8953,3939,8463,1898,2571,9785,669
2289,8294,4047,4811,1677,9236,4091,9615,6541,7890,1935,8444,6314,4233,8972,6032,6450,8447,8883,1081,6693,8674,6850,6190,0,1015,1263,8049,5516,7822,7765,2033,2677,6880,7708,6130,9626,2088,2513,7539,1537,1842,5527,3103,7198,4647,7155,277,8257,3632
9856,566,8089,358,3071,4945,8035,1747,4932,2935,2629,2920,5097,4346,3037,4090,2651,4654,6301,6902,9156,109,3068,9123,1015,0,3939,9352,216,7846,4665,2250,6326,6719,104,2320,9349,7987,7041,3616,4458,4476,3661,1598,3927,7408,6001,7748,4257,4977
7833,2711,7114,9380,428,337,3594,3938,6137,6335,8714,4178,2463,4743,1042,1740,4158,531,994,6567,6490,8205,6438,7364,1263,3939,0,1538,758,7775,5213,6610,6800,9323,3371,3707,4494,3493,7975,8680,7275,9872,8631,5582,7506,7092,5248,7411,9212,6003
9308,2849,6318,13,4791,7401,8076,6749,9778,2930,3824,8685,9629,9857,7566,5062,3251,5515,5878,8942,5107,7100,2871,5003,8049,9352,1538,0,7760,7896,1621,9998,8726,5707,640,5595,1442,2703,5894,5281,4073,7966,4714,732,3088,2664,5893,3288,6087,7716
4599,6886,2970,9901,5874,5283,9488,4568,7241,8337,9299,3792,6689,795,2672,38,3598,2259,3740,5369,3697,4960,6611,3784,5516,216,758,7760,0,7510,911,2974,6557,4672,5599,6551,3536,405,6490,8508,415,7798,4109,2484,503,9439,7640,6949,9360,4553
5549,3735,6309,7202,3798,9389,5143,7545,6494,1359,3325,1824,6320,1978,9067,6197,3919,1615,5021,5418,8529,7800,7941,9304,7822,7846,7775,7896,7510,0,1619,8089,4376,8215,4653,3152,1700,7819,8752,4969,4550,9244,7608,3886,9494,6999,449,3324,4601,7384
5831,8217,6210,1125,1545,9164,5793,9583,5602,7193,2705,1097,6266,8172,3540,429,7871,4689,1647,5411,6044,6471,7061,2927,7765,4665,5213,1621,911,1619,0,7736,6690,4259,4220,8770,6297,247,4240,7491,8614,9344,5410,7437,9419,3040,1011,3883,6761,2634
7163,7274,444,1526,7078,7728,5884,9799,224,6095,9748,7736,9037,2278,8683,7663,1318,3545,9338,3086,9017,5917,3873,5075,2033,2250,6610,9998,2974,8089,7736,0,5213,891,7240,1711,5353,4864,6492,8601,4571,3567,1552,7255,5908,321,2924,27,8415,9655
6811,2953,703,3093,1442,368,7577,7460,4893,8870,6560,778,2168,6844,8503,7849,7424,96,3941,4161,5452,8165,8773,4635,2677,6326,6800,8726,6557,4376,6690,5213,0,7985,124,3781,745,1015,3446,8463,7276,8776,9921,1207,9537,6310,2873,6894,6156,4807
4009,4551,6797,9041,1318,1938,6150,8700,1754,9089,8783,1195,3810,2003,2235,7457,3373,7418,7635,2865,6673,9735,9610,4338,6880,6719,9323,5707,4672,8215,4259,891,7985,0,6454,4087,5804,6631,7230,3269,8931,5218,8084,3706,3095,6383,9244,6706,1097,9967
2359,6062,4157,7295,4374,757,1248,7701,8367,8729,6180,7081,184,4299,4402,5225,4010,4873,8973,7451,7008,6020,5698,1253,7708,104,3371,640,5599,4653,4220,7240,124,6454,0,8452,5821,9572,1941,8615,5904,9102,1284,6843,9820,3711,2660,719,6303,460
3393,8774,9205,4058,5902,943,256,3189,9319,295,7695,4968,3979,4847,3621,6913,7783,4595,2289,4695,4491,5776,2071,2651,6130,2320,3707,5595,6551,3152,8770,1711,3781,4087,8452,0,7308,2514,9967,6022,4304,5654,4498,2233,7064,384,8265,4600,7743,52
4110,7439,4204,152,6601,1312,7078,5539,4827,8701,2917,779,703,1203,3937,6514,7693,1081,3587,1388,9038,9800,7586,4099,9626,9349,4494,1442,3536,1700,6297,5353,745,5804,5821,7308,0,8772,3451,4031,1656,6091,6940,5114,1521,6447,4337,2851,6387,8464
2780,8222,9076,3141,3304,7512,3841,6789,6750,4527,7924,2308,7656,6481,6052,2624,2547,4674,879,498,3948,8800,5830,2426,2088,7987,3493,2703,405,7819,247,4864,1015,6631,9572,2514,8772,0,5991,4857,1795,832,5985,5917,7460,6205,2312,1170,2812,7508
9665,4058,8262,4192,2922,2710,4778,1045,9818,7092,286,5584,3712,6362,9331,6716,9228,849,4959,8657,889,7328,2776,7598,2513,7041,7975,5894,6490,8752,4240,6492,3446,7230,1941,9967,3451,5991,0,6797,8652,4337,574,414,4998,726,9485,5869,5071,4063
2600,1562,213,8379,8167,943,4352,4484,5497,3509,7377,4275,4378,7009,6821,201,7544,8801,5525,9761,2616,5726,5631,652,7539,3616,8680,5281,8508,4969,7491,8601,8463,3269,8615,6022,4031,4857,6797,0,3980,236,7914,9150,7360,6845,8943,5750,6440,4529
2903,8946,5158,3989,875,5848,9866,3680,9536,3418,9383,8063,7016,7698,3586,3486,139,3490,2684,9307,3509,9770,7976,2440,1537,4458,7275,4073,415,4550,8614,4571,7276,8931,5904,4304,1656,1795,8652,3980,0,8726,6048,3586,847,5659,3094,6212,9910,7831
1474,2784,3271,5035,9555,8991,8113,5068,2100,8827,9947,9273,3823,3144,404,3648,6936,1033,5249,8674,4134,7972,7948,2835,1842,4476,9872,7966,7798,9244,9344,3567,8776,5218,9102,5654,6091,832,4337,236,8726,0,5504,423,3906,7571,3304,6017,7690,3508
6270,1721,8058,5049,3976,7872,2532,6952,1126,6165,8593,8832,798,3010,5645,3703,8301,1165,9519,1840,4104,4948,731,3208,5527,3661,8631,4714,4109,7608,5410,1552,9921,8084,1284,4498,6940,5985,574,7914,6048,5504,0,8463,9407,8259,4451,9156,1422,4478
8794,516,2886,9862,7127,7098,2117,4781,6240,8036,546,8115,8006,4924,3380,1229,8002,9395,4444,8655,6656,2302,9671,8953,3103,1598,5582,732,2484,3886,7437,7255,1207,3706,6843,2233,5114,5917,414,9150,3586,423,8463,0,8608,6525,1041,999,7656,9580
1034,991,6310,353,9812,9577,4323,214,4503,1999,1383,8647,1327,4748,5545,5803,4239,308,9422,7995,6334,1359,4375,3939,7198,3927,7506,3088,503,9494,9419,5908,9537,3095,9820,7064,1521,7460,4998,7360,847,3906,9407,8608,0,4513,2148,9810,8863,5770
5852,3876,6465,4615,7914,4865,1606,1825,4023,74,1719,92,9618,196,4981,3535,8271,6940,4207,8634,5613,2309,7054,8463,4647,7408,7092,2664,9439,6999,3040,321,6310,6383,3711,384,6447,6205,726,6845,5659,7571,8259,6525,4513,0,4141,6733,2334,8157
3346,8136,5049,5356,3078,3967,499,6445,2362,5827,6571,1521,1988,5144,363,5447,2343,2904,5096,6576,7808,9707,8447,1898,7155,6001,5248,5893,7640,449,1011,2924,2873,9244,2660,8265,4337,2312,9485,8943,3094,3304,4451,1041,2148,4141,0,4170,215,8958
8976,8490,992,7036,4851,5161,1033,8370,3577,8755,5724,4933,12,5145,9487,9641,7138,8299,5306,2360,4438,2396,688,2571,277,7748,7411,3288,6949,3324,3883,27,6894,6706,719,4600,2851,1170,5869,5750,6212,6017,9156,999,9810,6733,4170,0,9643,9015
6669,8455,558,5335,5188,8195,3483,9100,2864,6576,8601,6420,9351,8235,7616,9439,6424,5087,5269,95,1337,9045,2966,9785,8257,4257,9212,6087,9360,4601,6761,8415,6156,1097,6303,7743,6387,2812,5071,6440,9910,7690,1422,7656,8863,2334,215,9643,0,3586
4679,1517,3262,8737,7224,3307,9865,6386,876,9643,7813,5542,3279,3538,4231,7101,686,2210,4015,5336,5092,9114,3344,669,3632,4977,6003,7716,4553,7384,2634,9655,4807,9967,460,52,8464,7508,4063,4529,7831,3508,4478,9580,5770,8157,8958,9015,3586,0
