https://www.random.org/integers/?num=435&min=1&max=1000&col=1&base=10&format=plain&rnd=date.2021-02-18
521,531,208,602,8,942,924,858,563,785,65,225,780,103,412,819,148,380,707,570,514,89,689,619,643,635,461,195,756,974,913,878,305,216,127,890,24,911,140,204,357,402,147,586,963,647,872,886,121,669,345,829,610,659,241,616,590,935,146,437,503,347,826,188,569,737,860,841,365,412,679,575,643,311,213,17,53,695,972,667,555,803,870,772,607,174,211,552,743,189,716,920,938,814,349,182,390,774,544,394,402,10,366,718,71,971,453,539,826,561,987,50,146,646,549,297,498,402,396,1000,572,702,176,270,47,641,404,787,429,288,154,690,945,803,902,220,423,168,873,645,643,683,259,672,642,392,376,596,12,955,582,910,322,802,137,102,36,331,601,713,108,596,663,514,541,421,739,72,106,786,379,867,278,836,675,342,514,848,869,391,396,787,736,911,519,739,484,935,257,516,62,912,142,901,665,263,95,781,343,196,242,547,195,909,230,438,987,696,910,262,869,615,683,340,540,21,702,623,95,604,943,794,819,423,473,676,627,434,458,594,259,689,800,418,542,206,522,25,507,825,219,418,990,204,981,456,473,685,270,154,786,503,978,999,112,151,174,186,601,658,529,422,833,444,44,959,214,676,65,969,263,764,131,221,898,96,627,686,641,850,266,445,669,745,205,416,488,506,814,87,166,405,64,858,239,238,721,992,35,845,760,191,553,28,927,886,929,11,461,654,112,233,932,55,554,429,502,402,966,835,282,622,512,164,764,265,915,673,564,430,760,320,357,799,972,232,316,176,409,609,631,942,845,6,19,819,561,414,582,741,354,376,124,352,503,523,87,598,740,850,616,44,278,179,518,602,164,1,824,883,428,113,530,101,96,384,476,510,817,329,849,93,508,700,419,4,986,919,703,791,814,515,372,69,262,993,745,998,193,864,658,315,660,739,418,471,337,353,289,437,82,315,878,957,499,334,426,323,137,203,506,694,936,178,337,557,750,116,972,262,162,604,838,710,13

1,2,3,4,5,6,7,8,9,10,11,12,13,14,15,16,17,18,19,20,21,22,23,24,25,26,27,28,29,30
0,521,531,208,602,8,942,924,858,563,785,65,225,780,103,412,819,148,380,707,570,514,89,689,619,643,635,461,195,756
521,0,974,913,878,305,216,127,890,24,911,140,204,357,402,147,586,963,647,872,886,121,669,345,829,610,659,241,616,590
531,974,0,935,146,437,503,347,826,188,569,737,860,841,365,412,679,575,643,311,213,17,53,695,972,667,555,803,870,772
208,913,935,0,607,174,211,552,743,189,716,920,938,814,349,182,390,774,544,394,402,10,366,718,71,971,453,539,826,561
602,878,146,607,0,987,50,146,646,549,297,498,402,396,1000,572,702,176,270,47,641,404,787,429,288,154,690,945,803,902
8,305,437,174,987,0,220,423,168,873,645,643,683,259,672,642,392,376,596,12,955,582,910,322,802,137,102,36,331,601
942,216,503,211,50,220,0,713,108,596,663,514,541,421,739,72,106,786,379,867,278,836,675,342,514,848,869,391,396,787
924,127,347,552,146,423,713,0,736,911,519,739,484,935,257,516,62,912,142,901,665,263,95,781,343,196,242,547,195,909
858,890,826,743,646,168,108,736,0,230,438,987,696,910,262,869,615,683,340,540,21,702,623,95,604,943,794,819,423,473
563,24,188,189,549,873,596,911,230,0,676,627,434,458,594,259,689,800,418,542,206,522,25,507,825,219,418,990,204,981
785,911,569,716,297,645,663,519,438,676,0,456,473,685,270,154,786,503,978,999,112,151,174,186,601,658,529,422,833,444
65,140,737,920,498,643,514,739,987,627,456,0,44,959,214,676,65,969,263,764,131,221,898,96,627,686,641,850,266,445
225,204,860,938,402,683,541,484,696,434,473,44,0,669,745,205,416,488,506,814,87,166,405,64,858,239,238,721,992,35
780,357,841,814,396,259,421,935,910,458,685,959,669,0,845,760,191,553,28,927,886,929,11,461,654,112,233,932,55,554
103,402,365,349,1000,672,739,257,262,594,270,214,745,845,0,429,502,402,966,835,282,622,512,164,764,265,915,673,564,430
412,147,412,182,572,642,72,516,869,259,154,676,205,760,429,0,760,320,357,799,972,232,316,176,409,609,631,942,845,6
819,586,679,390,702,392,106,62,615,689,786,65,416,191,502,760,0,19,819,561,414,582,741,354,376,124,352,503,523,87
148,963,575,774,176,376,786,912,683,800,503,969,488,553,402,320,19,0,598,740,850,616,44,278,179,518,602,164,1,824
380,647,643,544,270,596,379,142,340,418,978,263,506,28,966,357,819,598,0,883,428,113,530,101,96,384,476,510,817,329
707,872,311,394,47,12,867,901,540,542,999,764,814,927,835,799,561,740,883,0,849,93,508,700,419,4,986,919,703,791
570,886,213,402,641,955,278,665,21,206,112,131,87,886,282,972,414,850,428,849,0,814,515,372,69,262,993,745,998,193
514,121,17,10,404,582,836,263,702,522,151,221,166,929,622,232,582,616,113,93,814,0,864,658,315,660,739,418,471,337
89,669,53,366,787,910,675,95,623,25,174,898,405,11,512,316,741,44,530,508,515,864,0,353,289,437,82,315,878,957
689,345,695,718,429,322,342,781,95,507,186,96,64,461,164,176,354,278,101,700,372,658,353,0,499,334,426,323,137,203
619,829,972,71,288,802,514,343,604,825,601,627,858,654,764,409,376,179,96,419,69,315,289,499,0,506,694,936,178,337
643,610,667,971,154,137,848,196,943,219,658,686,239,112,265,609,124,518,384,4,262,660,437,334,506,0,557,750,116,972
635,659,555,453,690,102,869,242,794,418,529,641,238,233,915,631,352,602,476,986,993,739,82,426,694,557,0,262,162,604
461,241,803,539,945,36,391,547,819,990,422,850,721,932,673,942,503,164,510,919,745,418,315,323,936,750,262,0,838,710
195,616,870,826,803,331,396,195,423,204,833,266,992,55,564,845,523,1,817,703,998,471,878,137,178,116,162,838,0,13
756,590,772,561,902,601,787,909,473,981,444,445,35,554,430,6,87,824,329,791,193,337,957,203,337,972,604,710,13,0
