1,2,3,4,5,6,7,8,9,10,11,12,13,14,15,16,17,18,19,20,21,22,23,24,25,26,27,28,29,30,31,32,33,34,35,36,37,38,39,40,41,42,43,44,45,46,47,48,49,50,51,52,53,54,55,56,57,58,59,60,61,62,63,64,65,66,67,68,69,70,71,72,73,74,75,76,77,78,79,80,81,82,83,84,85,86,87,88,89,90,91,92,93,94,95,96,97,98,99,100
0,7943,7007,5671,10751,9018,7038,541,6099,2360,5698,3568,3718,5945,1693,8358,10123,5973,8604,7219,7679,7176,5180,7095,8282,4146,5924,8434,8751,4853,6732,1153,5878,2071,5144,7794,3716,2703,5792,7840,7562,8870,1363,4195,1966,9367,3940,2392,5449,4959,5306,2815,5696,5724,8221,8309,8398,6604,632,5363,8640,2658,544,7945,7447,6877,8253,7024,3224,7763,6111,2036,2650,404,5870,8947,4863,6605,4930,7512,5748,7213,8518,6042,4537,8837,3138,7880,657,9176,8369,6438,822,3929,7149,8342,6046,750,4494,998
7943,0,6204,5434,3578,3347,5410,8217,6885,5637,2492,5986,7539,3059,7422,3630,2924,2768,1037,1956,4990,4085,8346,5330,1300,4249,5711,7745,6187,3149,2557,7203,6318,5941,2919,5459,7280,5571,6025,2814,2147,4615,7162,3749,6020,3254,8406,7209,3886,4224,7716,7753,7376,6509,2214,369,6470,5107,7334,5082,841,9279,7945,2845,2161,1160,5082,1239,8098,4149,2036,5976,6861,8028,2932,1015,4451,1923,3216,5383,4001,4627,1857,2746,4782,1486,6285,5877,8583,2556,4196,1559,7136,4132,838,1989,4758,8366,5097,7483
7007,6204,0,1462,9732,9352,827,6843,10444,5357,6242,3452,9376,3415,5418,9321,9101,7006,7238,7363,10004,9057,10809,9934,7428,3960,9514,12272,11372,5730,3661,5855,9922,5464,5935,10400,9199,6690,9660,8444,4156,10282,5646,5335,6227,9371,10051,8216,2858,7549,10505,8906,10527,9962,8153,6446,11404,1114,6490,8654,6208,9556,6598,3718,7696,6095,10355,5046,9399,9427,6192,6294,8121,6767,7078,6672,2854,4402,4375,10199,2527,9486,5034,3724,2930,5734,3869,10739,7338,8726,9755,5893,6384,5987,6047,8020,1651,6834,2771,6030
5671,5434,1462,0,9013,8357,1375,5561,9026,3904,5017,2108,7915,2405,4165,8223,8356,5773,6464,6293,8749,7822,9348,8623,6554,2531,8128,10913,10118,4409,2921,4521,8514,4024,4646,9124,7737,5229,8258,7362,3641,9153,4324,3944,4775,8435,8594,6763,1656,6178,9052,7455,9085,8543,7171,5730,10109,1000,5122,7268,5624,8162,5301,3470,6630,5094,9136,4206,7946,8234,5037,4839,6662,5465,5827,6083,1452,3522,3081,8910,1443,8221,4664,2729,1475,5308,2556,9445,6056,7846,8611,4822,5002,4573,5110,7077,759,5576,1311,4720
10751,3578,9732,9013,0,2190,8920,11124,7555,8651,5092,9418,9225,6630,10588,3085,672,4791,2554,3532,4800,4422,9490,5504,2599,7611,6536,7291,5311,5987,6122,10234,7112,8947,5667,5171,8976,8101,6885,3105,5585,3511,10243,6727,8789,1711,10032,9390,7449,6051,8768,9756,8244,7371,2548,3296,5854,8653,10201,6339,3552,11446,10878,6147,3318,4168,4474,4811,9963,4009,4731,8715,8998,10925,4908,3101,7981,5497,6566,5284,7578,4813,4866,6313,8290,4171,9665,5539,11408,1590,3542,4576,10005,6835,4026,2409,8332,11302,8613,10504
9018,3347,9352,8357,2190,0,8601,9441,5365,7124,3662,8284,7124,5979,9110,894,1876,3122,2493,2108,2628,2252,7311,3317,2051,6468,4359,5244,3337,4552,5717,8660,4927,7401,4222,3025,6882,6318,4707,1189,5473,1513,8706,5305,7099,480,7907,7419,6705,4119,6587,7722,6057,5188,1199,3270,3812,8238,8518,4230,3817,9429,9217,6191,1782,3270,2368,4333,7889,1819,3445,7012,7022,9240,3192,3517,7102,4951,5489,3114,6934,2623,5137,5657,7340,4582,8446,3416,9669,1046,1386,3544,8330,5228,3307,1365,7782,9633,7669,8915
7038,5410,827,1375,8920,8601,0,6935,9987,5174,5616,3482,9104,2738,5540,8608,8295,6378,6441,6648,9374,8416,10491,9348,6650,3588,9009,11725,10737,5182,2888,5890,9449,5323,5358,9783,8911,6400,9177,7729,3339,9580,5696,4870,6038,8602,9821,8014,2314,7035,10141,8709,10119,9507,7403,5642,10799,496,6480,8153,5390,9498,6675,2891,6977,5364,9700,4277,9197,8760,5526,6093,7882,6838,6461,5853,2486,3652,3830,9594,1944,8865,4207,3029,2664,4908,3931,10135,7431,7945,9061,5191,6353,5550,5294,7258,1149,6951,2594,6093
541,8217,6843,5561,11124,9441,6935,0,6638,2582,6045,3455,4253,6056,1430,8803,10487,6366,8920,7595,8175,7647,5705,7604,8622,4269,6446,8972,9266,5178,6856,1111,6412,2280,5481,8301,4254,3148,6321,8257,7703,9342,1263,4487,2345,9777,4448,2932,5500,5417,5843,3341,6237,6261,8608,8585,8921,6522,925,5868,8886,3027,285,8038,7835,7180,8746,7247,3737,8232,6443,2429,3189,200,6271,9211,4882,6790,5126,8020,5774,7702,8686,6180,4534,9041,3005,8396,496,9559,8834,6740,1119,4289,7440,8717,5995,213,4452,860
6099,6885,10444,9026,7555,5365,9987,6638,0,5623,4784,7682,2621,7443,7165,4471,7176,4199,6762,5006,2826,3176,2055,2073,6185,6495,1175,2336,3177,4872,7795,6469,578,5719,4785,2591,2503,4119,875,4656,8173,4285,6644,5120,4954,5844,3073,3735,7675,3012,1347,3557,741,483,5426,7101,2638,9498,5932,1910,7710,5079,6553,8912,4930,5870,3310,6931,3424,3547,5124,4845,3449,6474,4046,7699,7591,7104,6182,2381,8052,2743,8540,7253,7563,8356,7539,2398,6592,6167,4060,5668,5827,4457,6177,5708,8855,6849,7795,6601
2360,5637,5357,3904,8651,7124,5174,2582,5623,0,3562,2116,4058,3634,1988,6592,7999,4002,6367,5155,6328,5617,5542,5915,6102,1849,5008,7805,7587,2664,4402,1588,5210,304,2984,6565,3906,1510,5017,5938,5217,7274,1594,1935,871,7413,4698,2859,3244,3417,5348,3551,5502,5158,6185,6005,7376,4695,1730,4230,6304,4401,2309,5639,5425,4620,6857,4673,4042,6176,3926,940,2780,2397,3938,6629,2758,4245,2570,6297,3586,5806,6160,3704,2515,6479,1918,6764,2973,7116,6733,4180,1538,1903,4869,6262,4070,2729,2598,1864
5698,2492,6242,5017,5092,3662,5616,6045,4784,3562,0,4637,5068,2889,5519,3305,4446,764,2941,1605,3762,2815,5982,3755,2584,2841,3656,6182,5131,907,3064,5143,4208,3856,579,4167,4811,3151,3912,2514,3388,4176,5156,1662,3733,3897,5935,4727,3397,1848,5403,5261,5150,4348,2637,2820,5185,5168,5127,2879,3314,6806,5794,4130,1898,1332,4122,2170,5608,3218,458,3668,4373,5848,849,3489,3627,2331,1954,3981,3715,3250,3838,2629,3800,3799,4784,4523,6353,3556,3625,973,4930,1770,1657,2700,4592,6219,4120,5413
3568,5986,3452,2108,9418,8284,3482,3455,7682,2116,4637,0,6154,3139,2079,7929,8747,5289,6917,6184,8024,7197,7651,7725,6825,1825,6966,9790,9352,3791,3925,2416,7235,2131,4109,8325,6012,3609,7019,7151,4789,8746,2216,3089,2945,8477,6746,4894,2376,5176,7463,5568,7603,7208,7187,6339,9220,3069,3038,6141,6439,6107,3193,4925,6503,5254,8501,4793,6061,7703,4845,3032,4865,3357,5282,6853,1699,4167,2856,8075,2536,7487,5847,3378,1314,6360,459,8578,3950,8024,8191,4864,2934,3488,5398,7180,2570,3477,1100,2612
3718,7539,9376,7915,9225,7124,9104,4253,2621,4058,5068,6154,0,6986,5078,6276,8718,4829,7771,6016,4985,4901,1524,4249,7265,5531,2960,4903,5692,4673,7566,4362,2623,4024,4768,4914,260,2704,2682,6123,8178,6415,4572,4513,3210,7572,868,1368,6925,3355,1597,960,2060,2388,6775,7843,5207,8611,3717,2894,8372,2493,4228,8816,6086,6387,5552,7139,827,5436,5515,3125,1292,4117,4669,8505,6618,7058,5659,4650,7306,4680,8834,6902,6462,8861,5885,4845,4116,7677,6042,6039,3669,3831,6715,7005,7961,4454,6606,4419
5945,3059,3415,2405,6630,5979,2738,6056,7443,3634,2889,3139,6986,0,4942,5908,5968,3647,4077,3953,6638,5679,8229,6638,4149,1800,6398,9045,8000,2572,809,4950,6884,3896,2690,7052,6760,4374,6601,5033,1675,6867,4836,2482,4352,6038,7791,6135,835,4438,7781,6808,7668,6974,4785,3376,8074,2312,5315,5558,3364,7962,5771,2005,4287,2709,6962,1821,7262,6024,2789,4363,5905,5898,3737,3803,1466,1136,1331,6869,963,6134,2719,324,1838,3223,3520,7411,6506,5441,6340,2480,5136,3179,2707,4680,1805,6154,2121,5219
1693,7422,5418,4165,10588,9110,5540,1430,7165,1988,5519,2079,5078,4942,0,8578,9929,5988,8231,7122,8237,7570,6596,7766,8013,3238,6743,9452,9447,4613,5750,717,6838,1725,4941,8438,5013,3182,6690,7924,6616,9242,521,3864,2279,9393,5460,3711,4292,5343,6596,4278,6891,6735,8153,7790,9185,5142,1388,6036,8012,4350,1207,6866,7400,6487,8781,6343,4737,8138,5858,2389,3843,1380,5926,8378,3637,5808,4219,8164,4524,7725,7642,5113,3267,8069,1620,8601,1922,9074,8705,6054,1410,3891,6706,8217,4647,1417,3134,712
8358,3630,9321,8223,3085,894,8608,8803,4471,6592,3305,7929,6276,5908,8578,0,2740,2648,2959,1960,1760,1379,6421,2427,2417,6146,3472,4458,2646,4141,5766,8083,4034,6854,3820,2183,6038,5658,3818,880,5656,994,8147,4872,6480,1373,7045,6642,6569,3406,5696,6909,5163,4296,1443,3640,3051,8211,7888,3390,4240,8620,8592,6408,1633,3254,1587,4423,7054,925,3194,6387,6245,8603,2678,4016,6892,4974,5232,2245,6836,1729,5481,5597,7092,5005,8047,2589,9001,1799,598,3428,7705,4691,3378,1720,7706,9001,7415,8328
10123,2924,9101,8356,672,1876,8295,10487,7176,7999,4446,8747,8718,5968,9929,2740,0,4181,1893,2910,4496,4007,9062,5161,1929,6940,6114,7107,5166,5336,5476,9584,6705,8296,5019,4901,8465,7488,6465,2602,4967,3333,9590,6072,8158,1415,9539,8823,6784,5488,8346,9212,7844,6958,1966,2656,5670,8016,9565,5852,2960,10890,10238,5556,2721,3497,4239,4152,9438,3655,4075,8086,8433,10288,4305,2523,7312,4837,5895,4982,6919,4442,4300,5650,7619,3621,8994,5291,10779,1041,3261,3907,9369,6199,3354,1792,7682,10663,7943,9856
5973,2768,7006,5773,4791,3122,6378,6366,4199,4002,764,5289,4829,3647,5988,2648,4181,0,2951,1278,2999,2053,5578,3013,2479,3530,3040,5456,4366,1498,3778,5545,3622,4280,1186,3406,4569,3310,3325,1937,4021,3466,5586,2224,4021,3422,5693,4698,4160,1477,4952,5158,4636,3791,2250,3042,4427,5931,5441,2335,3609,6785,6131,4781,1475,1680,3363,2748,5452,2472,951,3942,4319,6166,164,3693,4371,3018,2699,3224,4479,2488,4342,3380,4526,4195,5399,3766,6629,3207,2912,1477,5249,2109,1998,2389,5356,6552,4841,5804
8604,1037,7238,6464,2554,2493,6441,8920,6762,6367,2941,6917,7771,4077,8231,2959,1893,2951,0,1789,4530,3723,8407,4996,587,5137,5601,7311,5599,3751,3594,7952,6218,6670,3467,4996,7511,6092,5937,2274,3147,3895,7932,4436,6648,2316,8631,7618,4895,4417,7735,8103,7328,6437,1527,823,5958,6143,8015,5096,1324,9706,8657,3802,1832,1748,4513,2259,8403,3645,2503,6590,7248,8726,3107,1057,5436,2944,4089,4971,5027,4258,2660,3759,5753,2089,7190,5419,9255,1583,3554,2187,7816,4697,1533,1240,5793,9082,6074,8230
7219,1956,7363,6293,3532,2108,6648,7595,5006,5155,1605,6184,6016,3953,7122,1960,2910,1278,1789,0,3058,2133,6618,3375,1252,4364,3836,5794,4314,2511,3815,6728,4452,5446,2182,3524,5757,4579,4167,1081,3772,2937,6750,3267,5258,2301,6869,5966,4637,2678,5948,6405,5551,4664,1032,2115,4548,6252,6672,3308,2737,8050,7352,4539,336,1304,3213,2500,6677,2257,1339,5184,5583,7396,1413,2693,5004,3020,3381,3434,4890,2674,3772,3640,5235,3440,6361,3938,7876,1966,2436,1476,6477,3308,1473,1123,5755,7776,5563,6994
7679,4990,10004,8749,4800,2628,9374,8175,2826,6328,3762,8024,4985,6638,8237,1760,4496,2999,4530,3058,0,968,4855,764,3950,6391,2027,2782,1370,4362,6698,7644,2482,6541,4105,470,4777,5093,2333,2256,6787,1468,7754,4965,5989,3105,5663,5640,7153,2911,4129,5757,3553,2749,3024,5091,1492,8929,7308,2326,5715,7447,8007,7559,2829,4284,582,5492,5805,893,3868,5883,5258,7983,2928,5570,7323,5909,5667,486,7477,538,6827,6362,7440,6454,8043,892,8285,3554,1260,4290,7147,4550,4509,3321,8353,8385,7741,7854
7176,4085,9057,7822,4422,2252,8416,7647,3176,5617,2815,7197,4901,5679,7570,1379,4007,2053,3723,2133,968,0,5068,1273,3136,5512,2114,3661,2321,3467,5730,7019,2699,5852,3192,1414,4666,4508,2464,1500,5828,1695,7108,4113,5376,2721,5667,5327,6212,2243,4347,5557,3837,2953,2284,4215,2450,7976,6750,2027,4841,7269,7455,6600,1940,3327,1320,4532,5686,588,2902,5275,4933,7450,1996,4735,6409,4941,4743,1302,6530,543,5904,5400,6543,5563,7247,1817,7805,2991,1203,3323,6577,3768,3562,2576,7407,7851,6851,7247
5180,8346,10809,9348,9490,7311,10491,5705,2055,5542,5982,7651,1524,8229,6596,6421,9062,5578,8407,6618,4855,5068,0,4092,7856,6903,2954,3942,5197,5770,8738,5880,2392,5528,5796,4644,1639,4120,2605,6478,9271,6322,6092,5752,4709,7785,1356,2885,8258,4144,728,2365,1315,2128,7210,8613,4627,9996,5226,3310,9187,3428,5705,9954,6614,7235,5359,8137,1993,5511,6397,4620,2808,5583,5414,9253,8008,8155,6900,4426,8642,4704,9819,8108,7881,9754,7395,4449,5517,8030,6060,6944,5185,5051,7562,7473,9343,5898,8046,5928
7095,5330,9934,8623,5504,3317,9348,7604,2073,5915,3755,7725,4249,6638,7766,2427,5161,3013,4996,3375,764,1273,4092,0,4409,6184,1291,2459,1682,4215,6789,7144,1718,6104,4000,701,4048,4589,1579,2757,6973,2232,7269,4736,5494,3796,4909,4974,7077,2550,3366,5048,2794,1985,3543,5476,1499,8887,6761,1743,6102,6725,7451,7743,3205,4495,1306,5677,5073,1505,3946,5385,4602,7416,2907,6006,7177,6019,5561,420,7421,746,7124,6384,7256,6814,7704,854,7683,4180,1988,4426,6610,4239,4756,3838,8286,7816,7542,7340
8282,1300,7428,6554,2599,2051,6650,8622,6185,6102,2584,6825,7265,4149,8013,2417,1929,2479,587,1252,3950,3136,7856,4409,0,5014,5027,6731,5042,3447,3767,7690,5645,6402,3142,4416,7006,5709,5366,1695,3440,3377,7686,4168,6317,1963,8120,7175,4939,3920,7178,7635,6760,5867,974,1235,5387,6320,7707,4547,1823,9262,8367,4145,1256,1571,3949,2383,7918,3067,2180,6252,6798,8426,2628,1622,5431,3048,3970,4386,5112,3671,3099,3825,5723,2590,7067,4840,8937,1299,3006,1978,7509,4354,1459,710,5920,8792,6049,7965
4146,4249,3960,2531,7611,6468,3588,4269,6495,1849,2841,1825,5531,1800,3238,6146,6940,3530,5137,4364,6391,5512,6903,6184,5014,0,5610,8412,7747,2048,2590,3170,5984,2100,2344,6732,5332,2831,5731,5347,3433,6996,3072,1449,2622,6653,6277,4519,1429,3683,6561,5209,6567,6012,5363,4612,7682,3093,3515,4753,4788,6228,3985,3802,4686,3443,6831,3118,5686,5986,3025,2650,4343,4106,3543,5171,1112,2570,1048,6500,1797,5854,4428,1911,1082,4832,2056,7024,4712,6201,6442,3044,3337,2044,3607,5356,2440,4376,1358,3444
5924,5711,9514,8128,6536,4359,9009,6446,1175,5008,3656,6966,2960,6398,6743,3472,6114,3040,5601,3836,2027,2114,2954,1291,5027,5610,0,2825,2847,3838,6699,6086,617,5156,3713,1971,2758,3573,351,3547,7038,3474,6232,4185,4468,4832,3643,3720,6697,1973,2234,3761,1746,850,4302,5927,2476,8527,5642,860,6535,5434,6314,7786,3772,4703,2591,5783,3782,2571,3975,4357,3360,6264,2890,6527,6678,5987,5181,1699,7065,1774,7376,6189,6692,7182,6881,1974,6488,5087,3146,4515,5505,3572,5007,4576,7895,6659,6948,6258
8434,7745,12272,10913,7291,5244,11725,8972,2336,7805,6182,9790,4903,9045,9452,4458,7107,5456,7311,5794,2782,3661,3942,2459,6731,8412,2825,0,1998,6547,9234,8767,2616,7934,6369,2315,4813,6333,2789,5037,9431,3785,8933,6972,7205,5692,5205,6069,9428,4735,3405,5857,2852,2725,5799,7863,1439,11253,8252,3668,8489,7281,8882,10201,5591,6951,2881,8136,5669,3668,6398,7094,5784,8807,5341,8351,9461,8471,7904,2363,9785,3121,9563,8803,9494,9220,9695,1893,8926,6247,3879,6884,8140,6385,7206,6095,10635,9184,9759,8911
8751,6187,11372,10118,5311,3337,10737,9266,3177,7587,5131,9352,5692,8000,9447,2646,5166,4366,5599,4314,1370,2321,5197,1682,5042,7747,2847,1998,0,5726,8035,8825,3069,7782,5473,1028,5523,6271,3047,3377,8080,1834,8951,6313,7176,3760,6238,6565,8523,4193,4516,6561,3902,3307,4073,6243,617,10296,8434,3421,6856,8185,9120,8849,4047,5584,1106,6794,6518,2057,5221,7067,6207,9080,4298,6655,8691,7242,7037,1290,8846,1899,8043,7720,8802,7614,9351,874,9327,4372,2049,5623,8286,5866,5785,4359,9722,9479,9101,9019
4853,3149,5730,4409,5987,4552,5182,5178,4872,2664,907,3791,4673,2572,4613,4141,5336,1498,3751,2511,4362,3467,5770,4215,3447,2048,3838,6547,5726,0,2979,4249,4313,2961,331,4722,4426,2429,4031,3388,3514,4959,4256,756,2899,4800,5525,4122,2880,1869,5268,4717,5115,4404,3543,3505,5700,4707,4267,2991,3917,6162,4920,4185,2801,2034,4787,2491,5110,3939,1267,2845,3802,4982,1498,4164,2969,2394,1357,4502,3239,3828,4178,2390,3079,4281,3910,5036,5504,4461,4405,1602,4068,984,2325,3604,4089,5346,3384,4521
6732,2557,3661,2921,6122,5717,2888,6856,7795,4402,3064,3925,7566,809,5750,5766,5476,3778,3594,3815,6698,5730,8738,6789,3767,2590,6699,9234,8035,2979,0,5752,7224,4673,3015,7135,7331,5027,6932,4886,868,6751,5641,3063,5085,5715,8392,6799,1564,4787,8247,7458,8084,7339,4520,2827,8169,2555,6100,5887,2706,8680,6571,1268,4135,2513,6962,1389,7898,6006,2846,5087,6544,6695,3895,3163,2232,797,1950,6978,1542,6221,1922,704,2614,2467,4317,7516,7301,5065,6249,2413,5919,3735,2414,4371,2214,6957,2876,6022
1153,7203,5855,4521,10234,8660,5890,1111,6469,1588,5143,2416,4362,4950,717,8083,9584,5545,7952,6728,7644,7019,5880,7144,7690,3170,6086,8767,8825,4249,5752,0,6156,1288,4567,7825,4297,2556,6018,7471,6602,8703,229,3523,1655,8966,4757,2996,4389,4778,5881,3571,6181,6046,7754,7572,8542,5461,700,5405,7844,3756,828,6928,6989,6204,8198,6191,4036,7594,5513,1762,3128,972,5468,8185,3774,5710,4061,7548,4666,7142,7595,5080,3432,7968,1986,7971,1584,8692,8175,5765,696,3437,6448,7839,4915,1206,3365,281
5878,6318,9922,8514,7112,4927,9449,6412,578,5210,4208,7235,2623,6884,6838,4034,6705,3622,6218,4452,2482,2699,2392,1718,5645,5984,617,2616,3069,4313,7224,6156,0,5327,4217,2329,2456,3724,297,4153,7596,3949,6319,4590,4590,5403,3213,3572,7136,2448,1665,3502,1139,268,4913,6538,2601,8962,5658,1337,7144,5116,6305,8336,4389,5295,3013,6354,3449,3120,4546,4479,3246,6239,3469,7142,7073,6529,5634,2083,7510,2313,7964,6689,7059,7785,7114,2226,6407,5684,3669,5091,5539,3941,5603,5189,8322,6625,7300,6306
2071,5941,5464,4024,8947,7401,5323,2280,5719,304,3856,2131,4024,3896,1725,6854,8296,4280,6670,5446,6541,5852,5528,6104,6402,2100,5156,7934,7782,2961,4673,1288,5327,0,3279,6764,3888,1604,5146,6213,5495,7518,1306,2237,818,7696,4622,2772,3469,3635,5373,3454,5560,5261,6474,6310,7553,4852,1439,4400,6606,4201,2005,5900,5712,4923,7077,4972,3947,6416,4225,913,2734,2096,4211,6933,2950,4536,2862,6493,3799,6023,6447,3978,2681,6775,1873,6949,2675,7408,6981,4484,1250,2174,5173,6554,4238,2425,2732,1562
5144,2919,5935,4646,5667,4222,5358,5481,4785,2984,579,4109,4768,2690,4941,3820,5019,1186,3467,2182,4105,3192,5796,4000,3142,2344,3713,6369,5473,331,3015,4567,4217,3279,0,4479,4516,2656,3928,3060,3477,4652,4578,1087,3183,4469,5628,4302,3077,1774,5263,4873,5073,4326,3214,3267,5472,4891,4566,2883,3710,6363,5226,4178,2470,1779,4512,2372,5248,3646,967,3123,3967,5284,1203,3932,3220,2367,1567,4269,3423,3575,4067,2476,3353,4119,4236,4807,5798,4135,4098,1361,4368,1232,2085,3278,4287,5652,3664,4838
7794,5459,10400,9124,5171,3025,9783,8301,2591,6565,4167,8325,4914,7052,8438,2183,4901,3406,4996,3524,470,1414,4644,701,4416,6732,1971,2315,1028,4722,7135,7825,2329,6764,4479,0,4721,5269,2232,2722,7242,1729,7946,5294,6172,3495,5542,5672,7544,3166,3927,5732,3330,2590,3485,5561,1036,9333,7454,2435,6185,7398,8146,8014,3298,4740,731,5946,5740,1353,4296,6064,5301,8112,3324,6038,7690,6349,6046,282,7875,919,7295,6782,7792,6924,8323,423,8384,3982,1640,4733,7300,4839,4971,3782,8749,8513,8087,8025
3716,7280,9199,7737,8976,6882,8911,4254,2503,3906,4811,6012,260,6760,5013,6038,8465,4569,7511,5757,4777,4666,1639,4048,7006,5332,2758,4813,5523,4426,7331,4297,2456,3888,4516,4721,0,2513,2493,5873,7935,6197,4501,4283,3070,7328,1127,1330,6717,3095,1596,1056,1997,2233,6521,7583,5052,8417,3670,2652,8114,2678,4212,8577,5829,6128,5347,6888,1029,5207,5257,2980,1181,4110,4409,8245,6425,6814,5431,4454,7099,4458,8583,6670,6279,8606,5757,4669,4147,7425,5815,5782,3609,3597,6457,6749,7766,4459,6431,4370
2703,5571,6690,5229,8101,6318,6400,3148,4119,1510,3151,3609,2704,4374,3182,5658,7488,3310,6092,4579,5093,4508,4120,4589,5709,2831,3573,6333,6271,2429,5027,2556,3724,1604,2656,5269,2513,0,3547,5143,5730,6202,2681,1995,905,6674,3450,1772,4238,2270,3866,2435,3995,3659,5557,5922,6003,5907,2242,2855,6346,3745,2948,6295,4783,4435,5651,4873,2890,5091,3597,796,1533,2949,3195,6585,3915,4638,3078,4992,4616,4597,6523,4335,3767,6689,3429,5420,3351,6516,5689,4015,2069,1446,4740,5698,5258,3349,3926,2762
5792,6025,9660,8258,6885,4707,9177,6321,875,5017,3912,7019,2682,6601,6690,3818,6465,3325,5937,4167,2333,2464,2605,1579,5366,5731,351,2789,3047,4031,6932,6018,297,5146,3928,2232,2493,3547,0,3897,7299,3791,6174,4326,4427,5180,3331,3531,6864,2163,1883,3519,1398,502,4650,6248,2623,8692,5543,1046,6852,5169,6203,8041,4111,4998,2885,6057,3508,2913,4249,4317,3187,6144,3172,6855,6814,6235,5358,1971,7237,2112,7667,6402,6808,7490,6911,2182,6338,5438,3481,4793,5416,3687,5307,4924,8054,6534,7055,6178
7840,2814,8444,7362,3105,1189,7729,8257,4656,5938,2514,7151,6123,5033,7924,880,2602,1937,2274,1081,2256,1500,6478,2757,1695,5347,3547,5037,3377,3388,4886,7471,4153,6213,3060,2722,5873,5143,3897,0,4792,1867,7517,4136,5914,1534,6939,6311,5707,2981,5769,6655,5291,4397,786,2868,3695,7334,7334,3249,3486,8351,8031,5550,752,2374,2274,3548,6858,1372,2353,5828,5915,8057,2003,3317,6050,4094,4403,2701,5967,2012,4671,4721,6264,4239,7294,3145,8492,1562,1394,2554,7145,4040,2505,1081,6834,8449,6590,7726
7562,2147,4156,3641,5585,5473,3339,7703,8173,5217,3388,4789,8178,1675,6616,5656,4967,4021,3147,3772,6787,5828,9271,6973,3440,3433,7038,9431,8080,3514,868,6602,7596,5495,3477,7242,7935,5730,7299,4792,0,6650,6497,3737,5862,5400,9022,7498,2418,5208,8738,8140,8524,7735,4304,2330,8277,3104,6930,6267,2053,9430,7418,772,4062,2502,6983,1297,8564,6025,3071,5856,7222,7538,4159,2517,3092,1121,2694,7114,2349,6346,1064,1523,3476,1667,5184,7642,8142,4702,6184,2554,6745,4369,2299,4108,2897,7808,3729,6875
8870,4615,10282,9153,3511,1513,9580,9342,4285,7274,4176,8746,6415,6867,9242,994,3333,3466,3895,2937,1468,1695,6322,2232,3377,6996,3474,3785,1834,4959,6751,8703,3949,7518,4652,1729,6197,6202,3791,1867,6650,0,8787,5662,7066,1925,7116,6970,7505,3934,5596,7146,5016,4216,2409,4609,2346,9175,8444,3635,5197,8850,9150,7402,2616,4238,999,5415,7226,1111,4116,6966,6579,9144,3464,4946,7795,5957,6125,1906,7783,1743,6461,6560,7976,5965,8833,2055,9497,2557,554,4391,8270,5396,4370,2669,8657,9546,8295,8935
1363,7162,5646,4324,10243,8706,5696,1263,6644,1594,5156,2216,4572,4836,521,8147,9590,5586,7932,6750,7754,7108,6092,7269,7686,3072,6232,8933,8951,4256,5641,229,6319,1306,4578,7946,4501,2681,6174,7517,6497,8787,0,3519,1776,9002,4979,3208,4249,4872,6081,3791,6371,6215,7779,7531,8680,5273,929,5536,7787,3981,988,6802,7018,6184,8303,6127,4258,7681,5515,1885,3328,1145,5514,8136,3623,5629,3994,7670,4516,7247,7500,4978,3273,7890,1779,8101,1750,8711,8255,5747,915,3478,6420,7856,4736,1328,3191,403
4195,3749,5335,3944,6727,5305,4870,4487,5120,1935,1662,3089,4513,2482,3864,4872,6072,2224,4436,3267,4965,4113,5752,4736,4168,1449,4185,6972,6313,756,3063,3523,4590,2237,1087,5294,4283,1995,4326,4136,3737,5662,3519,0,2280,5556,5331,3761,2565,2238,5326,4406,5260,4639,4298,4114,6235,4379,3591,3325,4466,5724,4223,4325,3557,2693,5424,2911,4838,4615,1997,2245,3488,4295,2202,4756,2494,2642,1151,5057,2946,4427,4536,2390,2527,4739,3177,5578,4838,5211,5108,2253,3392,702,2955,4354,3735,4647,2807,3799
1966,6020,6227,4775,8789,7099,6038,2345,4954,871,3733,2945,3210,4352,2279,6480,8158,4021,6648,5258,5989,5376,4709,5494,6317,2622,4468,7205,7176,2899,5085,1655,4590,818,3183,6172,3070,905,4427,5914,5862,7066,1776,2280,0,7432,3829,1988,4046,3133,4559,2680,4762,4506,6266,6383,6906,5556,1421,3760,6746,3613,2118,6343,5492,4931,6543,5174,3172,5956,4149,111,1922,2145,3926,7031,3600,4828,3169,5896,4401,5488,6748,4380,3375,7001,2691,6325,2622,7218,6544,4494,1231,1963,5212,6381,4925,2535,3468,1872
9367,3254,9371,8435,1711,480,8602,9777,5844,7413,3897,8477,7572,6038,9393,1373,1415,3422,2316,2301,3105,2721,7785,3796,1963,6653,4832,5692,3760,4800,5715,8966,5403,7696,4469,3495,7328,6674,5180,1534,5400,1925,9002,5556,7432,0,8364,7830,6793,4510,7061,8151,6534,5663,1292,3126,4255,8259,8853,4679,3628,9855,9547,6093,1999,3345,2825,4326,8331,2298,3634,7348,7434,9577,3508,3288,7226,4972,5650,3590,7000,3102,4976,5714,7483,4382,8661,3880,10020,746,1855,3663,8662,5529,3335,1358,7832,9966,7812,9226
3940,8406,10051,8594,10032,7907,9821,4448,3073,4698,5935,6746,868,7791,5460,7045,9539,5693,8631,6869,5663,5667,1356,4909,8120,6277,3643,5205,6238,5525,8392,4757,3213,4622,5628,5542,1127,3450,3331,6939,9022,7116,4979,5331,3829,8364,0,1851,7689,4217,1803,1193,2392,2956,7608,8710,5711,9332,4072,3692,9240,2088,4478,9648,6930,7254,6214,7999,723,6181,6382,3758,1939,4343,5532,9372,7345,7903,6470,5291,8066,5404,9693,7720,7164,9727,6439,5424,4219,8498,6775,6906,4064,4661,7583,7843,8687,4632,7284,4766
2392,7209,8216,6763,9390,7419,8014,2932,3735,2859,4727,4894,1368,6135,3711,6642,8823,4698,7618,5966,5640,5327,2885,4974,7175,4519,3720,6069,6565,4122,6799,2996,3572,2772,4302,5672,1330,1772,3531,6311,7498,6970,3208,3761,1988,7830,1851,0,5946,3339,2926,695,3305,3391,6857,7545,6152,7529,2350,3337,8011,2088,2883,8067,6109,6052,6221,6603,1184,5905,5185,1925,397,2783,4555,8214,5554,6401,4849,5393,6315,5238,8272,6105,5351,8403,4592,5693,2857,7804,6525,5655,2301,3164,6371,7045,6891,3139,5455,3052
5449,3886,2858,1656,7449,6705,2314,5500,7675,3244,3397,2376,6925,835,4292,6569,6784,4160,4895,4637,7153,6212,8258,7077,4939,1429,6697,9428,8523,2880,1564,4389,7136,3469,3077,7544,6717,4238,6864,5707,2418,7505,4249,2565,4046,6793,7689,5946,0,4724,7872,6635,7824,7196,5522,4208,8546,1831,4831,5840,4197,7642,5217,2575,4974,3449,7519,2647,7109,6604,3389,4077,5761,5356,4225,4638,677,1966,1524,7342,385,6632,3481,1140,1063,4027,2786,7881,5969,6222,6966,3167,4665,3255,3484,5438,1210,5577,1312,4645
4959,4224,7549,6178,6051,4119,7035,5417,3012,3417,1848,5176,3355,4438,5343,3406,5488,1477,4417,2678,2911,2243,4144,2550,3920,3683,1973,4735,4193,1869,4787,4778,2448,3635,1774,3166,3095,2270,2163,2981,5208,3934,4872,2238,3133,4510,4217,3339,4724,0,3555,3735,3316,2552,3522,4511,4045,6554,4512,1122,5064,5403,5219,5931,2785,3096,3442,4017,3999,2824,2253,3032,2947,5218,1315,5166,4726,4117,3207,2908,5092,2389,5685,4242,4764,5612,5159,3403,5598,4465,3418,2802,4337,1692,3423,3720,5924,5619,5036,5004
5306,7716,10505,9052,8768,6587,10141,5843,1347,5348,5403,7463,1597,7781,6596,5696,8346,4952,7735,5948,4129,4347,728,3366,7178,6561,2234,3405,4516,5268,8247,5881,1665,5373,5263,3927,1596,3866,1883,5769,8738,5596,6081,5326,4559,7061,1803,2926,7872,3555,0,2548,614,1401,6509,7972,3960,9646,5264,2645,8555,3876,5807,9440,5929,6624,4637,7570,2289,4784,5803,4460,2753,5702,4789,8603,7672,7630,6462,3704,8256,3977,9239,7638,7577,9144,7245,3746,5713,7317,5333,6353,5197,4626,6947,6776,8993,6046,7765,5962
2815,7753,8906,7455,9756,7722,8709,3341,3557,3551,5261,5568,960,6808,4278,6909,9212,5158,8103,6405,5757,5557,2365,5048,7635,5209,3761,5857,6561,4717,7458,3571,3502,3454,4873,5732,1056,2435,3519,6655,8140,7146,3791,4406,2680,8151,1193,695,6635,3735,2548,0,3019,3285,7249,8080,6101,8224,2893,3532,8568,1712,3341,8724,6520,6593,6333,7207,493,6118,5719,2618,919,3218,5007,8748,6249,7035,5511,5460,7006,5402,8887,6768,6046,8990,5253,5701,3173,8181,6735,6209,2876,3782,6916,7454,7586,3536,6148,3592
5696,7376,10527,9085,8244,6057,10119,6237,741,5502,5150,7603,2060,7668,6891,5163,7844,4636,7328,5551,3553,3837,1315,2794,6760,6567,1746,2852,3902,5115,8084,6181,1139,5560,5073,3330,1997,3995,1398,5291,8524,5016,6371,5260,4762,6534,2392,3305,7824,3316,614,3019,0,896,6047,7614,3346,9626,5598,2301,8210,4443,6178,9245,5505,6316,4047,7319,2818,4243,5525,4658,3075,6085,4476,8231,7677,7431,6370,3116,8206,3436,8964,7504,7611,8827,7418,3137,6144,6823,4775,6076,5513,4570,6633,6322,8976,6444,7820,6286
5724,6509,9962,8543,7371,5188,9507,6261,483,5158,4348,7208,2388,6974,6735,4296,6958,3791,6437,4664,2749,2953,2128,1985,5867,6012,850,2725,3307,4404,7339,6046,268,5261,4326,2590,2233,3659,502,4397,7735,4216,6215,4639,4506,5663,2956,3391,7196,2552,1401,3285,896,0,5152,6738,2820,9018,5528,1470,7340,4879,6163,8470,4612,5469,3278,6506,3212,3383,4702,4396,3080,6091,3634,7349,7109,6658,5706,2348,7574,2577,8131,6789,7080,7970,7071,2473,6238,5934,3935,5250,5415,3975,5781,5426,8374,6473,7313,6186
8221,2214,8153,7171,2548,1199,7403,8608,5426,6185,2637,7187,6775,4785,8153,1443,1966,2250,1527,1032,3024,2284,7210,3543,974,5363,4302,5799,4073,3543,4520,7754,4913,6474,3214,3485,6521,5557,4650,786,4304,2409,7779,4298,6266,1292,7608,6857,5522,3522,6509,7249,6047,5152,0,2201,4434,7039,7683,3940,2797,8925,8368,5037,775,2077,2986,3138,7483,2132,2348,6188,6467,8408,2362,2582,5940,3752,4357,3478,5742,2797,4053,4462,6193,3562,7377,3907,8878,959,2033,2375,7489,4327,2109,297,6587,8791,6522,8020
8309,369,6446,5730,3296,3270,5642,8585,7101,6005,2820,6339,7843,3376,7790,3640,2656,3042,823,2115,5091,4215,8613,5476,1235,4612,5927,7863,6243,3505,2827,7572,6538,6310,3267,5561,7583,5922,6248,2868,2330,4609,7531,4114,6383,3126,8710,7545,4208,4511,7972,8080,7614,6738,2201,0,6557,5360,7701,5330,626,9620,8314,2980,2275,1493,5142,1566,8417,4229,2362,6337,7193,8396,3205,669,4787,2242,3581,5502,4305,4758,1867,3069,5124,1371,6644,5982,8950,2401,4222,1907,7502,4486,1182,1945,5039,8735,5436,7852
8398,6470,11404,10109,5854,3812,10799,8921,2638,7376,5185,9220,5207,8074,9185,3051,5670,4427,5958,4548,1492,2450,4627,1499,5387,7682,2476,1439,617,5700,8169,8542,2601,7553,5472,1036,5052,6003,2623,3695,8277,2346,8680,6235,6906,4255,5711,6152,8546,4045,3960,6101,3346,2820,4434,6557,0,10345,8114,3154,7178,7692,8789,9049,4310,5775,1464,6982,6027,2328,5328,6796,5809,8740,4338,7009,8667,7384,7038,1205,8883,1949,8314,7807,8752,7925,9189,665,8955,4826,2462,5769,7975,5736,6002,4727,9754,9134,9040,8723
6604,5107,1114,1000,8653,8238,496,6522,9498,4695,5168,3069,8611,2312,5142,8211,8016,5931,6143,6252,8929,7976,9996,8887,6320,3093,8527,11253,10296,4707,2555,5461,8962,4852,4891,9333,8417,5907,8692,7334,3104,9175,5273,4379,5556,8259,9332,7529,1831,6554,9646,8224,9626,9018,7039,5360,10345,0,6036,7670,5153,9036,6257,2757,6584,4982,9267,3937,8710,8334,5097,5609,7393,6417,6010,5618,1992,3289,3352,9140,1469,8417,4041,2615,2181,4727,3524,9681,7016,7618,8651,4785,5904,5058,4933,6907,653,6546,2131,5673
632,7334,6490,5122,10201,8518,6480,925,5932,1730,5127,3038,3717,5315,1388,7888,9565,5441,8015,6672,7308,6750,5226,6761,7707,3515,5642,8252,8434,4267,6100,700,5658,1439,4566,7454,3670,2242,5543,7334,6930,8444,929,3591,1421,8853,4072,2350,4831,4512,5264,2893,5598,5528,7683,7701,8114,6036,0,5019,8021,3081,706,7315,6910,6280,7874,6400,3350,7334,5530,1506,2524,725,5346,8335,4256,5974,4300,7173,5136,6824,7886,5410,3939,8209,2631,7568,1250,8634,7931,5841,199,3367,6546,7793,5464,1115,3913,702
5363,5082,8654,7268,6339,4230,8153,5868,1910,4230,2879,6141,2894,5558,6036,3390,5852,2335,5096,3308,2326,2027,3310,1743,4547,4753,860,3668,3421,2991,5887,5405,1337,4400,2883,2435,2652,2855,1046,3249,6267,3635,5536,3325,3760,4679,3692,3337,5840,1122,2645,3532,2301,1470,3940,5330,3154,7670,5019,0,5919,5243,5710,7004,3310,4015,2906,5037,3664,2587,3234,3650,2949,5678,2176,5958,5819,5194,4326,2155,6210,1902,6668,5357,5835,6527,6074,2566,5962,4810,3205,3783,4867,2718,4332,4190,7037,6079,6094,5598
8640,841,6208,5624,3552,3817,5390,8886,7710,6304,3314,6439,8372,3364,8012,4240,2960,3609,1324,2737,5715,4841,9187,6102,1823,4788,6535,8489,6856,3917,2706,7844,7144,6606,3710,6185,8114,6346,6852,3486,2053,5197,7787,4466,6746,3628,9240,8011,4197,5064,8555,8568,8210,7340,2797,626,7178,5153,8021,5919,0,10072,8610,2598,2901,1986,5757,1670,8921,4850,2860,6708,7670,8701,3773,465,4819,2273,3796,6128,4239,5384,1362,3083,5177,768,6775,6607,9271,2887,4827,2359,7825,4901,1658,2528,4901,9026,5475,8125
2658,9279,9556,8162,11446,9429,9498,3027,5079,4401,6806,6107,2493,7962,4350,8620,10890,6785,9706,8050,7447,7269,3428,6725,9262,6228,5434,7281,8185,6162,8680,3756,5116,4201,6363,7398,2678,3745,5169,8351,9430,8850,3981,5724,3613,9855,2088,2088,7642,5403,3876,1712,4443,4879,8925,9620,7692,9036,3081,5243,10072,0,3173,9944,8184,8127,8020,8618,1667,7829,7263,3599,2466,3004,6640,10288,7150,8359,6741,7131,7987,7107,10260,7976,6879,10434,5709,7339,2640,9865,8445,7722,3173,5186,8442,9120,8434,3154,6906,3647
544,7945,6598,5301,10878,9217,6675,285,6553,2309,5794,3193,4228,5771,1207,8592,10238,6131,8657,7352,8007,7455,5705,7451,8367,3985,6314,8882,9120,4920,6571,828,6305,2005,5226,8146,4212,2948,6203,8031,7418,9150,988,4223,2118,9547,4478,2883,5217,5219,5807,3341,6178,6163,8368,8314,8789,6257,706,5710,8610,3173,0,7754,7596,6915,8574,6968,3760,8039,6187,2207,3111,173,6040,8938,4601,6507,4846,7865,5493,7526,8402,5895,4256,8760,2747,8252,762,9317,8637,6475,888,4044,7172,8472,5724,426,4178,585
7945,2845,3718,3470,6147,6191,2891,8038,8912,5639,4130,4925,8816,2005,6866,6408,5556,4781,3802,4539,7559,6600,9954,7743,4145,3802,7786,10201,8849,4185,1268,6928,8336,5900,4178,8014,8577,6295,8041,5550,772,7402,6802,4325,6343,6093,9648,8067,2575,5931,9440,8724,9245,8470,5037,2980,9049,2757,7315,7004,2598,9944,7754,0,4824,3274,7751,2069,9162,6794,3830,6348,7809,7885,4916,3046,3243,1814,3219,7886,2392,7118,1322,1969,3625,2031,5351,8414,8496,5378,6943,3320,7138,4987,3066,4829,2712,8128,3830,7192
7447,2161,7696,6630,3318,1782,6977,7835,4930,5425,1898,6503,6086,4287,7400,1633,2721,1475,1832,336,2829,1940,6614,3205,1256,4686,3772,5591,4047,2801,4135,6989,4389,5712,2470,3298,5829,4783,4111,752,4062,2616,7018,3557,5492,1999,6930,6109,4974,2785,5929,6520,5505,4612,775,2275,4310,6584,6910,3310,2901,8184,7596,4824,0,1622,2942,2804,6772,1995,1663,5414,5721,7635,1590,2807,5338,3342,3711,3229,5226,2483,4005,3973,5567,3629,6672,3717,8103,1732,2127,1811,6716,3558,1765,936,6090,8019,5894,7253
6877,1160,6095,5094,4168,3270,5364,7180,5870,4620,1332,5254,6387,2709,6487,3254,3497,1680,1748,1304,4284,3327,7235,4495,1571,3443,4703,6951,5584,2034,2513,6204,5295,4923,1779,4740,6128,4435,4998,2374,2502,4238,6184,2693,4931,3345,7254,6052,3449,3096,6624,6593,6316,5469,2077,1493,5775,4982,6280,4015,1986,8127,6915,3274,1622,0,4492,1211,6939,3532,876,4879,5703,6987,1840,2161,3894,1720,2399,4618,3665,3850,2675,2388,4171,2520,5497,5143,7524,2799,3740,440,6081,3006,329,1991,4513,7340,4499,6482
8253,5082,10355,9136,4474,2368,9700,8746,3310,6857,4122,8501,5552,6962,8781,1587,4239,3363,4513,3213,582,1320,5359,1306,3949,6831,2591,2881,1106,4787,6962,8198,3013,7077,4512,731,5347,5651,2885,2274,6983,999,8303,5424,6543,2825,6214,6221,7519,3442,4637,6333,4047,3278,2986,5142,1464,9267,7874,2906,5757,8020,8574,7751,2942,4492,0,5701,6373,959,4174,6438,5840,8553,3314,5568,7727,6166,6059,934,7830,1056,6937,6674,7863,6513,8538,1066,8861,3367,999,4550,7711,5048,4686,3276,8708,8955,8171,8412
7024,1239,5046,4206,4811,4333,4277,7247,6931,4673,2170,4793,7139,1821,6343,4423,4152,2748,2259,2500,5492,4532,8137,5677,2383,3118,5783,8136,6794,2491,1389,6191,6354,4972,2372,5946,6888,4873,6057,3548,1297,5415,6127,2911,5174,4326,7999,6603,2647,4017,7570,7207,7319,6506,3138,1566,6982,3937,6400,5037,1670,8618,6968,2069,2804,1211,5701,0,7600,4742,1808,5147,6291,7066,2893,2062,3221,685,2133,5817,2767,5049,1695,1507,3561,1828,5116,6345,7645,3683,4931,1272,6205,3441,1046,2983,3546,7381,3872,6472
3224,8098,9399,7946,9963,7889,9197,3737,3424,4042,5608,6061,827,7262,4737,7054,9438,5452,8403,6677,5805,5686,1993,5073,7918,5686,3782,5669,6518,5110,7898,4036,3449,3947,5248,5740,1029,2890,3508,6858,8564,7226,4258,4838,3172,8331,723,1184,7109,3999,2289,493,2818,3212,7483,8417,6027,8710,3350,3664,8921,1667,3760,9162,6772,6939,6373,7600,0,6231,6063,3108,1358,3627,5297,9084,6732,7453,5957,5475,7482,5487,9287,7213,6534,9367,5743,5673,3527,8401,6841,6567,3344,4196,7265,7700,8071,3924,6639,4043
7763,4149,9427,8234,4009,1819,8760,8232,3547,6176,3218,7703,5436,6024,8138,925,3655,2472,3645,2257,893,588,5511,1505,3067,5986,2571,3668,2057,3939,6006,7594,3120,6416,3646,1353,5207,5091,2913,1372,6025,1111,7681,4615,5956,2298,6181,5905,6604,2824,4784,6118,4243,3383,2132,4229,2328,8334,7334,2587,4850,7829,8039,6794,1995,3532,959,4742,6231,0,3236,5856,5511,8035,2444,4689,6842,5210,5168,1360,6906,808,5999,5732,6996,5597,7771,1775,8393,2684,620,3597,7160,4310,3728,2429,7784,8437,7310,7825
6111,2036,6192,5037,4731,3445,5526,6443,5124,3926,458,4845,5515,2789,5858,3194,4075,951,2503,1339,3868,2902,6397,3946,2180,3025,3975,6398,5221,1267,2846,5513,4546,4225,967,4296,5257,3597,4249,2353,3071,4116,5515,1997,4149,3634,6382,5185,3389,2253,5803,5719,5525,4702,2348,2362,5328,5097,5530,3234,2860,7263,6187,3830,1663,876,4174,1808,6063,3236,0,4089,4831,6247,1088,3031,3699,2073,2052,4133,3676,3379,3441,2501,3912,3364,5029,4673,6764,3230,3577,551,5332,2194,1203,2372,4554,6613,4238,5787
2036,5976,6294,4839,8715,7012,6093,2429,4845,940,3668,3032,3125,4363,2389,6387,8086,3942,6590,5184,5883,5275,4620,5385,6252,2650,4357,7094,7067,2845,5087,1762,4479,913,3123,6064,2980,796,4317,5828,5856,6966,1885,2245,111,7348,3758,1925,4077,3032,4460,2618,4658,4396,6188,6337,6796,5609,1506,3650,6708,3599,2207,6348,5414,4879,6438,5147,3108,5856,4089,0,1841,2229,3843,6988,3645,4814,3162,5787,4436,5383,6732,4383,3429,6975,2786,6216,2693,7142,6445,4444,1320,1898,5164,6306,4975,2621,3530,1975
2650,6861,8121,6662,8998,7022,7882,3189,3449,2780,4373,4865,1292,5905,3843,6245,8433,4319,7248,5583,5258,4933,2808,4602,6798,4343,3360,5784,6207,3802,6544,3128,3246,2734,3967,5301,1181,1533,3187,5915,7222,6579,3328,3488,1922,7434,1939,397,5761,2947,2753,919,3075,3080,6467,7193,5809,7393,2524,2949,7670,2466,3111,7809,5721,5703,5840,6291,1358,5511,4831,1841,0,3027,4174,7862,5406,6115,4600,5021,6137,4850,7969,5857,5226,8079,4593,5334,3160,7412,6131,5311,2447,2863,6023,6657,6748,3400,5352,3216
404,8028,6767,5465,10925,9240,6838,200,6474,2397,5848,3357,4117,5898,1380,8603,10288,6166,8726,7396,7983,7450,5583,7416,8426,4106,6264,8807,9080,4982,6695,972,6239,2096,5284,8112,4110,2949,6144,8057,7538,9144,1145,4295,2145,9577,4343,2783,5356,5218,5702,3218,6085,6091,8408,8396,8740,6417,725,5678,8701,3004,173,7885,7635,6987,8553,7066,3627,8035,6247,2229,3027,0,6071,9024,4745,6616,4949,7831,5637,7508,8516,6015,4404,8864,2912,8211,614,9359,8636,6547,919,4090,7248,8517,5880,402,4333,745
5870,2932,7078,5827,4908,3192,6461,6271,4046,3938,849,5282,4669,3737,5926,2678,4305,164,3107,1413,2928,1996,5414,2907,2628,3543,2890,5341,4298,1498,3895,5468,3469,4211,1203,3324,4409,3195,3172,2003,4159,3464,5514,2202,3926,3508,5532,4555,4225,1315,4789,5007,4476,3634,2362,3205,4338,6010,5346,2176,3773,6640,6040,4916,1590,1840,3314,2893,5297,2444,1088,3843,4174,6071,0,3856,4413,3143,2746,3133,4552,2409,4497,3478,4556,4357,5379,3675,6525,3321,2909,1624,5155,2037,2160,2514,5427,6459,4868,5724
8947,1015,6672,6083,3101,3517,5853,9211,7699,6629,3489,6853,8505,3803,8378,4016,2523,3693,1057,2693,5570,4735,9253,6006,1622,5171,6527,8351,6655,4164,3163,8185,7142,6933,3932,6038,8245,6585,6855,3317,2517,4946,8136,4756,7031,3288,9372,8214,4638,5166,8603,8748,8231,7349,2582,669,7009,5618,8335,5958,465,10288,8938,3046,2807,2161,5568,2062,9084,4689,3031,6988,7862,9024,3856,0,5251,2696,4160,6001,4690,5275,1777,3515,5603,1113,7178,6461,9584,2542,4611,2571,8137,5146,1847,2297,5363,9357,5906,8466
4863,4451,2854,1452,7981,7102,2486,4882,7591,2758,3627,1699,6618,1466,3637,6892,7312,4371,5436,5004,7323,6409,8008,7177,5431,1112,6678,9461,8691,2969,2232,3774,7073,2950,3220,7690,6425,3915,6814,6050,3092,7795,3623,2494,3600,7226,7345,5554,677,4726,7672,6249,7677,7109,5940,4787,8667,1992,4256,5819,4819,7150,4601,3243,5338,3894,7727,3221,6732,6842,3699,3645,5406,4745,4413,5251,0,2557,1674,7471,893,6792,4153,1737,385,4685,2111,8004,5359,6692,7248,3565,4100,3134,3972,5882,1343,4949,656,4023
6605,1923,4402,3522,5497,4951,3652,6790,7104,4245,2331,4167,7058,1136,5808,4974,4837,3018,2944,3020,5909,4941,8155,6019,3048,2570,5987,8471,7242,2394,797,5710,6529,4536,2367,6349,6814,4638,6235,4094,1121,5957,5629,2642,4828,4972,7903,6401,1966,4117,7630,7035,7431,6658,3752,2242,7384,3289,5974,5194,2273,8359,6507,1814,3342,1720,6166,685,7453,5210,2073,4814,6115,6616,3143,2696,2557,0,1677,6197,2082,5437,1921,828,2908,2263,4510,6734,7208,4347,5453,1619,5783,3257,1644,3619,2872,6912,3212,5988
4930,3216,4375,3081,6566,5489,3830,5126,6182,2570,1954,2856,5659,1331,4219,5232,5895,2699,4089,3381,5667,4743,6900,5561,3970,1048,5181,7904,7037,1357,1950,4061,5634,2862,1567,6046,5431,3078,5358,4403,2694,6125,3994,1151,3169,5650,6470,4849,1524,3207,6462,5511,6370,5706,4357,3581,7038,3352,4300,4326,3796,6741,4846,3219,3711,2399,6059,2133,5957,5168,2052,3162,4600,4949,2746,4160,1674,1677,0,5836,1886,5140,3595,1257,1861,3915,3104,6373,5537,5173,5576,2010,4108,1849,2559,4334,2732,5255,2187,4341
7512,5383,10199,8910,5284,3114,9594,8020,2381,6297,3981,8075,4650,6869,8164,2245,4982,3224,4971,3434,486,1302,4426,420,4386,6500,1699,2363,1290,4502,6978,7548,2083,6493,4269,282,4454,4992,1971,2701,7114,1906,7670,5057,5896,3590,5291,5393,7342,2908,3704,5460,3116,2348,3478,5502,1205,9140,7173,2155,6128,7131,7865,7886,3229,4618,934,5817,5475,1360,4133,5787,5021,7831,3133,6001,7471,6197,5836,0,7678,768,7205,6605,7564,6858,8066,542,8102,4035,1743,4587,7021,4588,4860,3775,8549,8231,7857,7747
