99,45,83,29,53,68,14,71,90,51,99,3,88,98,39

1,2,3,4,5,6
0,99,45,83,29,53
99,0,68,14,71,90
45,68,0,51,99,3
83,14,51,0,88,98
29,71,99,88,0,39
53,90,3,98,39,0
