4039,3817,1822,2087,9906,4413,1074,3609,801,343,7088,5273,8400,1764,7245,8917,1829,7692,9671,8989,4887,5303,8210,1598,6822,5049,2785,2533

1,2,3,4,5,6,7,8
0,4039,3817,1822,2087,9906,4413,1074
4039,0,3609,801,343,7088,5273,8400
3817,3609,0,1764,7245,8917,1829,7692
1822,801,1764,0,9671,8989,4887,5303
2087,343,7245,9671,0,8210,1598,6822
9906,7088,8917,8989,8210,0,5049,2785
4413,5273,1829,4887,1598,5049,0,2533
1074,8400,7692,5303,6822,2785,2533,0
