https://www.random.org/integers/?num=28&min=1&max=1000&col=28&base=10&format=html&rnd=date.2024-11-16
968,583,453,468,984,513,944,120,975,463,471,157,588,619,966,867,102,787,149,205,806,374,965,729,94,328,67,205

1,2,3,4,5,6,7,8
0,968,583,453,468,984,513,944
968,0,120,975,463,471,157,588
583,120,0,619,966,867,102,787
453,975,619,0,149,205,806,374
468,463,966,149,0,965,729,94
984,471,867,205,965,0,328,67
513,157,102,806,729,328,0,205
944,588,787,374,94,67,205,0
