https://www.random.org/integers/?num=780&min=1&max=1000&col=1&base=10&format=plain&rnd=date.2021-02-18
521,531,208,602,8,942,924,858,563,785,65,225,780,103,412,819,148,380,707,570,514,89,689,619,643,635,461,195,756,974,913,878,305,216,127,890,24,911,140,204,357,402,147,586,963,647,872,886,121,669,345,829,610,659,241,616,590,935,146,437,503,347,826,188,569,737,860,841,365,412,679,575,643,311,213,17,53,695,972,667,555,803,870,772,607,174,211,552,743,189,716,920,938,814,349,182,390,774,544,394,402,10,366,718,71,971,453,539,826,561,987,50,146,646,549,297,498,402,396,1000,572,702,176,270,47,641,404,787,429,288,154,690,945,803,902,220,423,168,873,645,643,683,259,672,642,392,376,596,12,955,582,910,322,802,137,102,36,331,601,713,108,596,663,514,541,421,739,72,106,786,379,867,278,836,675,342,514,848,869,391,396,787,736,911,519,739,484,935,257,516,62,912,142,901,665,263,95,781,343,196,242,547,195,909,230,438,987,696,910,262,869,615,683,340,540,21,702,623,95,604,943,794,819,423,473,676,627,434,458,594,259,689,800,418,542,206,522,25,507,825,219,418,990,204,981,456,473,685,270,154,786,503,978,999,112,151,174,186,601,658,529,422,833,444,44,959,214,676,65,969,263,764,131,221,898,96,627,686,641,850,266,445,669,745,205,416,488,506,814,87,166,405,64,858,239,238,721,992,35,845,760,191,553,28,927,886,929,11,461,654,112,233,932,55,554,429,502,402,966,835,282,622,512,164,764,265,915,673,564,430,760,320,357,799,972,232,316,176,409,609,631,942,845,6,19,819,561,414,582,741,354,376,124,352,503,523,87,598,740,850,616,44,278,179,518,602,164,1,824,883,428,113,530,101,96,384,476,510,817,329,849,93,508,700,419,4,986,919,703,791,814,515,372,69,262,993,745,998,193,864,658,315,660,739,418,471,337,353,289,437,82,315,878,957,499,334,426,323,137,203,506,694,936,178,337,557,750,116,972,262,162,604,838,710,13,250,704,126,447,313,116,423,618,236,771,254,485,737,395,224,54,443,789,299,693,519,42,766,814,825,334,26,787,403,753,245,420,251,67,27,723,732,854,466,102,754,238,374,33,387,111,594,418,83,361,224,776,488,853,278,369,874,414,627,240,28,669,207,460,422,526,682,339,834,557,994,1000,327,983,614,223,933,770,332,811,133,325,243,814,782,916,658,917,738,45,491,25,955,698,376,106,801,435,339,829,984,600,190,657,696,266,182,48,34,463,922,420,496,183,429,454,705,523,261,958,245,849,22,60,10,827,83,554,173,573,735,192,703,435,929,368,939,697,485,268,833,943,711,838,127,797,118,381,389,170,324,699,480,604,382,235,562,927,766,751,406,645,769,248,946,618,267,129,36,235,674,49,781,648,909,970,67,483,51,836,137,301,975,52,861,712,332,555,860,145,886,234,402,763,575,635,525,905,800,471,627,6,86,951,623,17,608,693,126,296,177,911,848,985,756,92,991,757,271,38,995,890,272,910,853,91,863,347,518,764,781,350,611,706,609,82,224,16,967,528,111,596,769,775,979,680,390,555,280,272,511,419,419,40,945,159,237,715,768,34,69,227,101,376,553,8,802,9,977,447,149,871,712,192,105,617,542,261,861,258,129,926,74,353,247,719,769,248,967,413,651,955,912,907,214,538,573,472,928,404,991,31,423,264,821,380,168,164,682,436,616,243,356,540,300,433,681,272,392,837,618,453,472,472,550,444,998,677,378,583,654,990,143,127,990,296,533,889,812,103,670,50,846,637,347

1,2,3,4,5,6,7,8,9,10,11,12,13,14,15,16,17,18,19,20,21,22,23,24,25,26,27,28,29,30,31,32,33,34,35,36,37,38,39,40
0,521,531,208,602,8,942,924,858,563,785,65,225,780,103,412,819,148,380,707,570,514,89,689,619,643,635,461,195,756,974,913,878,305,216,127,890,24,911,140
521,0,204,357,402,147,586,963,647,872,886,121,669,345,829,610,659,241,616,590,935,146,437,503,347,826,188,569,737,860,841,365,412,679,575,643,311,213,17,53
531,204,0,695,972,667,555,803,870,772,607,174,211,552,743,189,716,920,938,814,349,182,390,774,544,394,402,10,366,718,71,971,453,539,826,561,987,50,146,646
208,357,695,0,549,297,498,402,396,1000,572,702,176,270,47,641,404,787,429,288,154,690,945,803,902,220,423,168,873,645,643,683,259,672,642,392,376,596,12,955
602,402,972,549,0,582,910,322,802,137,102,36,331,601,713,108,596,663,514,541,421,739,72,106,786,379,867,278,836,675,342,514,848,869,391,396,787,736,911,519
8,147,667,297,582,0,739,484,935,257,516,62,912,142,901,665,263,95,781,343,196,242,547,195,909,230,438,987,696,910,262,869,615,683,340,540,21,702,623,95
942,586,555,498,910,739,0,604,943,794,819,423,473,676,627,434,458,594,259,689,800,418,542,206,522,25,507,825,219,418,990,204,981,456,473,685,270,154,786,503
924,963,803,402,322,484,604,0,978,999,112,151,174,186,601,658,529,422,833,444,44,959,214,676,65,969,263,764,131,221,898,96,627,686,641,850,266,445,669,745
858,647,870,396,802,935,943,978,0,205,416,488,506,814,87,166,405,64,858,239,238,721,992,35,845,760,191,553,28,927,886,929,11,461,654,112,233,932,55,554
563,872,772,1000,137,257,794,999,205,0,429,502,402,966,835,282,622,512,164,764,265,915,673,564,430,760,320,357,799,972,232,316,176,409,609,631,942,845,6,19
785,886,607,572,102,516,819,112,416,429,0,819,561,414,582,741,354,376,124,352,503,523,87,598,740,850,616,44,278,179,518,602,164,1,824,883,428,113,530,101
65,121,174,702,36,62,423,151,488,502,819,0,96,384,476,510,817,329,849,93,508,700,419,4,986,919,703,791,814,515,372,69,262,993,745,998,193,864,658,315
225,669,211,176,331,912,473,174,506,402,561,96,0,660,739,418,471,337,353,289,437,82,315,878,957,499,334,426,323,137,203,506,694,936,178,337,557,750,116,972
780,345,552,270,601,142,676,186,814,966,414,384,660,0,262,162,604,838,710,13,250,704,126,447,313,116,423,618,236,771,254,485,737,395,224,54,443,789,299,693
103,829,743,47,713,901,627,601,87,835,582,476,739,262,0,519,42,766,814,825,334,26,787,403,753,245,420,251,67,27,723,732,854,466,102,754,238,374,33,387
412,610,189,641,108,665,434,658,166,282,741,510,418,162,519,0,111,594,418,83,361,224,776,488,853,278,369,874,414,627,240,28,669,207,460,422,526,682,339,834
819,659,716,404,596,263,458,529,405,622,354,817,471,604,42,111,0,557,994,1000,327,983,614,223,933,770,332,811,133,325,243,814,782,916,658,917,738,45,491,25
148,241,920,787,663,95,594,422,64,512,376,329,337,838,766,594,557,0,955,698,376,106,801,435,339,829,984,600,190,657,696,266,182,48,34,463,922,420,496,183
380,616,938,429,514,781,259,833,858,164,124,849,353,710,814,418,994,955,0,429,454,705,523,261,958,245,849,22,60,10,827,83,554,173,573,735,192,703,435,929
707,590,814,288,541,343,689,444,239,764,352,93,289,13,825,83,1000,698,429,0,368,939,697,485,268,833,943,711,838,127,797,118,381,389,170,324,699,480,604,382
570,935,349,154,421,196,800,44,238,265,503,508,437,250,334,361,327,376,454,368,0,235,562,927,766,751,406,645,769,248,946,618,267,129,36,235,674,49,781,648
514,146,182,690,739,242,418,959,721,915,523,700,82,704,26,224,983,106,705,939,235,0,909,970,67,483,51,836,137,301,975,52,861,712,332,555,860,145,886,234
89,437,390,945,72,547,542,214,992,673,87,419,315,126,787,776,614,801,523,697,562,909,0,402,763,575,635,525,905,800,471,627,6,86,951,623,17,608,693,126
689,503,774,803,106,195,206,676,35,564,598,4,878,447,403,488,223,435,261,485,927,970,402,0,296,177,911,848,985,756,92,991,757,271,38,995,890,272,910,853
619,347,544,902,786,909,522,65,845,430,740,986,957,313,753,853,933,339,958,268,766,67,763,296,0,91,863,347,518,764,781,350,611,706,609,82,224,16,967,528
643,826,394,220,379,230,25,969,760,760,850,919,499,116,245,278,770,829,245,833,751,483,575,177,91,0,111,596,769,775,979,680,390,555,280,272,511,419,419,40
635,188,402,423,867,438,507,263,191,320,616,703,334,423,420,369,332,984,849,943,406,51,635,911,863,111,0,945,159,237,715,768,34,69,227,101,376,553,8,802
461,569,10,168,278,987,825,764,553,357,44,791,426,618,251,874,811,600,22,711,645,836,525,848,347,596,945,0,9,977,447,149,871,712,192,105,617,542,261,861
195,737,366,873,836,696,219,131,28,799,278,814,323,236,67,414,133,190,60,838,769,137,905,985,518,769,159,9,0,258,129,926,74,353,247,719,769,248,967,413
756,860,718,645,675,910,418,221,927,972,179,515,137,771,27,627,325,657,10,127,248,301,800,756,764,775,237,977,258,0,651,955,912,907,214,538,573,472,928,404
974,841,71,643,342,262,990,898,886,232,518,372,203,254,723,240,243,696,827,797,946,975,471,92,781,979,715,447,129,651,0,991,31,423,264,821,380,168,164,682
913,365,971,683,514,869,204,96,929,316,602,69,506,485,732,28,814,266,83,118,618,52,627,991,350,680,768,149,926,955,991,0,436,616,243,356,540,300,433,681
878,412,453,259,848,615,981,627,11,176,164,262,694,737,854,669,782,182,554,381,267,861,6,757,611,390,34,871,74,912,31,436,0,272,392,837,618,453,472,472
305,679,539,672,869,683,456,686,461,409,1,993,936,395,466,207,916,48,173,389,129,712,86,271,706,555,69,712,353,907,423,616,272,0,550,444,998,677,378,583
216,575,826,642,391,340,473,641,654,609,824,745,178,224,102,460,658,34,573,170,36,332,951,38,609,280,227,192,247,214,264,243,392,550,0,654,990,143,127,990
127,643,561,392,396,540,685,850,112,631,883,998,337,54,754,422,917,463,735,324,235,555,623,995,82,272,101,105,719,538,821,356,837,444,654,0,296,533,889,812
890,311,987,376,787,21,270,266,233,942,428,193,557,443,238,526,738,922,192,699,674,860,17,890,224,511,376,617,769,573,380,540,618,998,990,296,0,103,670,50
24,213,50,596,736,702,154,445,932,845,113,864,750,789,374,682,45,420,703,480,49,145,608,272,16,419,553,542,248,472,168,300,453,677,143,533,103,0,846,637
911,17,146,12,911,623,786,669,55,6,530,658,116,299,33,339,491,496,435,604,781,886,693,910,967,419,8,261,967,928,164,433,472,378,127,889,670,846,0,347
140,53,646,955,519,95,503,745,554,19,101,315,972,693,387,834,25,183,929,382,648,234,126,853,528,40,802,861,413,404,682,681,472,583,990,812,50,637,347,0
